wl,flux,fluxerr
3104.323168001592,-0.320303,nan
3106.313118750311,-0.668751,nan
3108.30306949903,0.272796,nan
3110.2930202477487,0.0301901,nan
3112.282970996468,-0.916666,nan
3114.272921745187,-0.815317,nan
3116.262872493906,-0.689866,nan
3118.252823242625,0.319133,nan
3120.2427739913437,0.636379,nan
3122.2327247400626,0.550164,nan
3124.2226754887815,-0.410915,nan
3126.2126262375004,0.242051,nan
3128.20257698622,-1.34747,nan
3130.1925277349387,-0.145413,nan
3132.1824784836576,0.0890553,nan
3134.1724292323765,0.550808,nan
3136.1623799810955,-0.155557,nan
3138.1523307298144,0.437912,nan
3140.1422814785333,0.00291473,nan
3142.132232227252,1.09265,nan
3144.1221829759716,0.121732,nan
3146.1121337246905,-0.430503,nan
3148.1020844734094,0.298578,nan
3150.0920352221283,-0.0399046,nan
3152.081985970847,0.0907444,nan
3154.071936719566,0.413872,nan
3156.061887468285,0.0936612,nan
3158.051838217004,0.48691,nan
3160.0417889657233,-0.126108,nan
3162.031739714442,0.0218808,nan
3164.021690463161,-0.042596,nan
3166.01164121188,0.331145,nan
3168.001591960599,-0.0286654,nan
3169.991542709318,0.00984907,nan
3171.9814934580368,0.0331427,nan
3173.9714442067557,0.160993,nan
3175.961394955475,0.103077,nan
3177.951345704194,0.0615646,nan
3179.941296452913,0.207343,nan
3181.931247201632,-0.250839,nan
3183.9211979503507,0.629178,nan
3185.9111486990696,0.357597,nan
3187.9010994477885,-0.022409,nan
3189.8910501965074,-0.003436,nan
3191.881000945227,-0.129419,nan
3193.8709516939457,-0.245617,nan
3195.8609024426646,0.358518,nan
3197.8508531913835,0.182523,nan
3199.8408039401024,0.284885,nan
3201.8307546888213,0.599801,nan
3203.8207054375403,0.162683,nan
3205.810656186259,-0.110486,nan
3207.8006069349785,0.18252,nan
3209.7905576836974,0.00309982,nan
3211.7805084324164,0.166495,nan
3213.7704591811353,-0.0915906,nan
3215.760409929854,0.478571,nan
3217.750360678573,0.159147,nan
3219.740311427292,0.0289523,nan
3221.7302621760114,-0.0398061,nan
3223.7202129247303,0.219691,nan
3225.710163673449,0.220766,nan
3227.700114422168,0.267409,nan
3229.690065170887,0.257088,nan
3231.680015919606,0.0352749,nan
3233.669966668325,0.0246569,nan
3235.6599174170437,0.406891,nan
3237.649868165763,0.047159,nan
3239.639818914482,0.0134895,nan
3241.629769663201,0.0634262,nan
3243.61972041192,0.0632468,nan
3245.6096711606388,0.142609,nan
3247.5996219093577,0.174591,nan
3249.5895726580766,0.210383,nan
3251.5795234067955,0.216309,nan
3253.569474155515,0.104612,nan
3255.5594249042338,0.227756,nan
3257.5493756529527,0.300971,nan
3259.5393264016716,0.338959,nan
3261.5292771503905,-0.0620017,nan
3263.5192278991094,0.219891,nan
3265.5091786478283,-0.0276257,nan
3267.4991293965472,-0.0381095,nan
3269.4890801452666,0.330342,nan
3271.4790308939855,0.251851,nan
3273.4689816427044,0.313738,nan
3275.4589323914233,0.198945,nan
3277.4488831401422,0.17207,nan
3279.438833888861,0.167873,nan
3281.42878463758,0.175463,nan
3283.418735386299,0.316343,nan
3285.4086861350183,0.0793777,nan
3287.3986368837373,0.430618,nan
3289.388587632456,0.0754762,nan
3291.378538381175,0.0150606,nan
3293.368489129894,0.256333,nan
3295.358439878613,0.173246,nan
3297.348390627332,0.120274,nan
3299.3383413760507,0.232887,nan
3301.32829212477,0.458782,nan
3303.318242873489,0.265216,nan
3305.308193622208,0.181979,nan
3307.298144370927,0.227977,nan
3309.2880951196457,0.265641,nan
3311.2780458683646,0.261692,nan
3313.2679966170836,0.226655,nan
3315.257947365803,0.183975,nan
3317.247898114522,0.177992,nan
3319.2378488632407,0.0366982,nan
3321.2277996119597,-0.00033153,nan
3323.2177503606786,0.100947,nan
3325.2077011093975,0.077843,nan
3327.1976518581164,0.0370944,nan
3329.1876026068353,0.0419265,nan
3331.1775533555547,0.225397,nan
3333.1675041042736,0.248689,nan
3335.1574548529925,0.144976,nan
3337.1474056017114,-0.0160789,nan
3339.1373563504303,0.0537044,nan
3341.127307099149,0.101925,nan
3343.117257847868,0.0851019,nan
3345.107208596587,0.201644,nan
3347.0971593453064,0.262325,nan
3349.0871100940253,0.0684739,nan
3351.0770608427442,0.0742658,nan
3353.067011591463,0.0981434,nan
3355.056962340182,0.121964,nan
3357.046913088901,0.145729,nan
3359.03686383762,0.169437,nan
3361.026814586339,0.193089,nan
3363.016765335058,0.19286,nan
3365.006716083777,0.0280897,nan
3366.996666832496,0.175477,nan
3368.986617581215,0.165753,nan
3370.976568329934,0.0989631,nan
3372.9665190786527,0.0793316,nan
3374.9564698273716,0.14404,nan
3376.9464205760905,0.0985784,nan
3378.93637132481,0.200842,nan
3380.926322073529,0.127029,nan
3382.9162728222477,0.0799588,nan
3384.9062235709666,0.150722,nan
3386.8961743196855,0.119398,nan
3388.8861250684045,0.253446,nan
3390.8760758171234,0.221008,nan
3392.8660265658423,0.384952,nan
3394.8559773145616,0.301488,nan
3396.8459280632806,0.128102,nan
3398.8358788119995,0.217953,nan
3400.8258295607184,0.180457,nan
3402.8157803094373,0.188215,nan
3404.805731058156,0.0412845,nan
3406.795681806875,0.171168,nan
3408.7856325555945,0.164242,nan
3410.7755833043134,0.0686928,nan
3412.7655340530323,0.203816,nan
3414.755484801751,0.363265,nan
3416.74543555047,0.266264,nan
3418.735386299189,0.202854,nan
3420.725337047908,0.347267,nan
3422.715287796627,0.198756,nan
3424.705238545346,0.196094,nan
3426.695189294065,0.182854,nan
3428.685140042784,0.250095,nan
3430.675090791503,0.377785,nan
3432.665041540222,0.301032,nan
3434.654992288941,0.363581,nan
3436.6449430376597,0.156836,nan
3438.6348937863786,0.131749,nan
3440.624844535098,0.363619,nan
3442.614795283817,0.352641,nan
3444.604746032536,0.34103,nan
3446.5946967812547,0.262299,nan
3448.5846475299736,0.251021,nan
3450.5745982786925,0.170043,nan
3452.5645490274114,0.243814,nan
3454.5544997761303,0.220752,nan
3456.5444505248497,0.246321,nan
3458.5344012735686,0.238723,nan
3460.5243520222875,0.234066,nan
3462.5143027710064,0.124018,nan
3464.5042535197254,0.236325,nan
3466.4942042684443,0.28167,nan
3468.484155017163,0.228552,nan
3470.474105765882,0.211292,nan
3472.4640565146015,0.296401,nan
3474.4540072633204,0.269082,nan
3476.4439580120393,0.442342,nan
3478.433908760758,0.214801,nan
3480.423859509477,0.235666,nan
3482.413810258196,0.337647,nan
3484.403761006915,0.331434,nan
3486.393711755634,0.238983,nan
3488.383662504353,0.221915,nan
3490.373613253072,0.204161,nan
3492.363564001791,0.184472,nan
3494.35351475051,0.260304,nan
3496.343465499229,0.334493,nan
3498.3334162479478,0.282285,nan
3500.3233669966667,0.190835,nan
3502.313317745386,0.175985,nan
3504.303268494105,0.165541,nan
3506.293219242824,0.347307,nan
3508.2831699915428,0.290218,nan
3510.2731207402617,0.267987,nan
3512.2630714889806,0.245398,nan
3514.2530222376995,0.179183,nan
3516.2429729864184,0.239802,nan
3518.232923735138,0.251862,nan
3520.2228744838567,0.229151,nan
3522.2128252325756,0.23538,nan
3524.2027759812945,0.369211,nan
3526.1927267300134,0.316321,nan
3528.1826774787323,0.316284,nan
3530.1726282274512,0.239895,nan
3532.16257897617,0.268128,nan
3534.1525297248895,0.347872,nan
3536.1424804736084,0.281694,nan
3538.1324312223273,0.33707,nan
3540.1223819710463,0.238027,nan
3542.112332719765,0.243494,nan
3544.102283468484,0.261192,nan
3546.092234217203,0.291603,nan
3548.082184965922,0.374492,nan
3550.0721357146413,0.346266,nan
3552.06208646336,0.274868,nan
3554.052037212079,0.363258,nan
3556.041987960798,0.281057,nan
3558.031938709517,0.276256,nan
3560.021889458236,0.341361,nan
3562.0118402069547,0.333408,nan
3564.0017909556736,0.302869,nan
3565.991741704393,0.337297,nan
3567.981692453112,0.285968,nan
3569.971643201831,0.373879,nan
3571.9615939505497,0.352793,nan
3573.9515446992687,0.366534,nan
3575.9414954479876,0.33662,nan
3577.9314461967065,0.273467,nan
3579.9213969454254,0.260653,nan
3581.9113476941448,0.258481,nan
3583.9012984428637,0.325593,nan
3585.8912491915826,0.323868,nan
3587.8811999403015,0.326298,nan
3589.8711506890204,0.342479,nan
3591.8611014377393,0.382511,nan
3593.851052186458,0.341571,nan
3595.8410029351776,0.349408,nan
3597.8309536838965,0.297012,nan
3599.8209044326154,0.416045,nan
3601.8108551813343,0.39522,nan
3603.8008059300532,0.285629,nan
3605.790756678772,0.299549,nan
3607.780707427491,0.404375,nan
3609.77065817621,0.303059,nan
3611.7606089249293,0.266535,nan
3613.7505596736482,0.364937,nan
3615.740510422367,0.322665,nan
3617.730461171086,0.299976,nan
3619.720411919805,0.358332,nan
3621.710362668524,0.364749,nan
3623.700313417243,0.27626,nan
3625.6902641659617,0.381342,nan
3627.680214914681,0.34512,nan
3629.6701656634,0.375757,nan
3631.660116412119,0.388059,nan
3633.650067160838,0.455476,nan
3635.6400179095567,0.453336,nan
3637.6299686582756,0.442725,nan
3639.6199194069945,0.373526,nan
3641.6098701557135,0.288482,nan
3643.599820904433,0.363663,nan
3645.5897716531517,0.357389,nan
3647.5797224018706,0.312569,nan
3649.5696731505896,0.297544,nan
3651.5596238993085,0.305735,nan
3653.5495746480274,0.330115,nan
3655.5395253967463,0.304395,nan
3657.529476145465,0.357515,nan
3659.5194268941846,0.289814,nan
3661.5093776429035,0.269502,nan
3663.4993283916224,0.310933,nan
3665.4892791403413,0.378913,nan
3667.47922988906,0.345221,nan
3669.469180637779,0.372927,nan
3671.459131386498,0.369414,nan
3673.449082135217,0.303328,nan
3675.4390328839363,0.363597,nan
3677.428983632655,0.292383,nan
3679.418934381374,0.286985,nan
3681.408885130093,0.432877,nan
3683.398835878812,0.366308,nan
3685.388786627531,0.362578,nan
3687.37873737625,0.309544,nan
3689.3686881249687,0.266601,nan
3691.358638873688,0.288266,nan
3693.348589622407,0.317052,nan
3695.338540371126,0.311733,nan
3697.328491119845,0.291837,nan
3699.3184418685637,0.366263,nan
3701.3083926172826,0.347598,nan
3703.2983433660015,0.320682,nan
3705.288294114721,0.259178,nan
3707.27824486344,0.227962,nan
3709.2681956121587,0.190634,nan
3711.2581463608776,0.173927,nan
3713.2480971095965,0.271933,nan
3715.2380478583154,0.204975,nan
3717.2279986070344,0.273638,nan
3719.2179493557533,0.162338,nan
3721.2079001044726,0.197463,nan
3723.1978508531915,0.283194,nan
3725.1878016019105,0.343115,nan
3727.1777523506294,0.241274,nan
3729.1677030993483,0.283938,nan
3731.157653848067,0.189944,nan
3733.147604596786,0.170149,nan
3735.137555345505,0.21478,nan
3737.1275060942244,0.177393,nan
3739.1174568429433,0.127223,nan
3741.107407591662,0.164456,nan
3743.097358340381,0.180844,nan
3745.0873090891,0.144436,nan
3747.077259837819,0.156503,nan
3749.067210586538,0.1704,nan
3751.0571613352568,0.174924,nan
3753.047112083976,0.17988,nan
3755.037062832695,0.141873,nan
3757.027013581414,0.181772,nan
3759.016964330133,0.188549,nan
3761.0069150788518,0.201779,nan
3762.9968658275707,0.144225,nan
3764.9868165762896,0.133729,nan
3766.9767673250085,0.224463,nan
3768.966718073728,0.168868,nan
3770.9566688224468,0.155172,nan
3772.9466195711657,0.176961,nan
3774.9365703198846,0.237752,nan
3776.9265210686035,0.214735,nan
3778.9164718173224,0.231474,nan
3780.9064225660413,0.172346,nan
3782.8963733147602,0.169647,nan
3784.8863240634796,0.234347,nan
3786.8762748121985,0.165474,nan
3788.8662255609174,0.190307,nan
3790.8561763096363,0.143281,nan
3792.8461270583553,0.177381,nan
3794.836077807074,0.19572,nan
3796.826028555793,0.208076,nan
3798.8159793045124,0.22485,nan
3800.8059300532314,0.192078,nan
3802.7958808019503,0.208181,nan
3804.785831550669,0.185997,nan
3806.775782299388,0.189482,nan
3808.765733048107,0.212353,nan
3810.755683796826,0.20214,nan
3812.745634545545,0.251592,nan
3814.735585294264,0.24927,nan
3816.725536042983,0.196404,nan
3818.715486791702,0.257538,nan
3820.705437540421,0.250415,nan
3822.69538828914,0.205982,nan
3824.6853390378587,0.241419,nan
3826.6752897865777,0.256878,nan
3828.6652405352966,0.220396,nan
3830.655191284016,0.194322,nan
3832.645142032735,0.246147,nan
3834.6350927814537,0.248284,nan
3836.6250435301727,0.288343,nan
3838.6149942788916,0.302357,nan
3840.6049450276105,0.290366,nan
3842.5948957763294,0.364411,nan
3844.5848465250483,0.36306,nan
3846.5747972737677,0.388656,nan
3848.5647480224866,0.342925,nan
3850.5546987712055,0.368685,nan
3852.5446495199244,0.42305,nan
3854.5346002686433,0.413972,nan
3856.5245510173622,0.395436,nan
3858.514501766081,0.425205,nan
3860.5044525148,0.475651,nan
3862.4944032635194,0.453035,nan
3864.4843540122383,0.475202,nan
3866.4743047609572,0.492538,nan
3868.464255509676,0.514986,nan
3870.454206258395,0.54498,nan
3872.444157007114,0.589404,nan
3874.434107755833,0.547297,nan
3876.424058504552,0.537824,nan
3878.414009253271,0.605368,nan
3880.40396000199,0.540675,nan
3882.393910750709,0.563491,nan
3884.383861499428,0.599811,nan
3886.373812248147,0.548141,nan
3888.3637629968657,0.656777,nan
3890.3537137455846,0.660649,nan
3892.343664494304,0.670672,nan
3894.333615243023,0.681765,nan
3896.323565991742,0.657881,nan
3898.3135167404607,0.661913,nan
3900.3034674891796,0.70292,nan
3902.2934182378985,0.663414,nan
3904.2833689866175,0.680705,nan
3906.2733197353364,0.660653,nan
3908.2632704840557,0.720838,nan
3910.2532212327746,0.695092,nan
3912.2431719814936,0.723803,nan
3914.2331227302125,0.74263,nan
3916.2230734789314,0.684168,nan
3918.2130242276503,0.77242,nan
3920.202974976369,0.755068,nan
3922.192925725088,0.72894,nan
3924.1828764738075,0.738364,nan
3926.1728272225264,0.722134,nan
3928.1627779712453,0.676628,nan
3930.152728719964,0.672365,nan
3932.142679468683,0.648044,nan
3934.132630217402,0.62796,nan
3936.122580966121,0.736171,nan
3938.11253171484,0.771362,nan
3940.102482463559,0.790245,nan
3942.092433212278,0.753308,nan
3944.082383960997,0.793782,nan
3946.072334709716,0.77213,nan
3948.062285458435,0.742898,nan
3950.052236207154,0.783951,nan
3952.0421869558727,0.781902,nan
3954.0321377045916,0.769184,nan
3956.022088453311,0.788192,nan
3958.01203920203,0.806431,nan
3960.001989950749,0.812574,nan
3961.9919406994677,0.807801,nan
3963.9818914481866,0.790756,nan
3965.9718421969055,0.759508,nan
3967.9617929456244,0.801069,nan
3969.9517436943433,0.75851,nan
3971.9416944430627,0.82681,nan
3973.9316451917816,0.880334,nan
3975.9215959405005,0.850792,nan
3977.9115466892194,0.804473,nan
3979.9014974379384,0.826614,nan
3981.8914481866573,0.885045,nan
3983.881398935376,0.92055,nan
3985.8713496840955,0.956534,nan
3987.8613004328145,0.874616,nan
3989.8512511815334,0.926838,nan
3991.8412019302523,0.93577,nan
3993.831152678971,0.824752,nan
3995.82110342769,0.939632,nan
3997.811054176409,0.863715,nan
3999.801004925128,0.972571,nan
4001.7909556738473,0.900529,nan
4003.780906422566,0.899482,nan
4005.770857171285,0.89445,nan
4007.760807920004,0.933842,nan
4009.750758668723,0.836142,nan
4011.740709417442,0.849678,nan
4013.7306601661608,0.968566,nan
4015.7206109148797,0.945633,nan
4017.710561663599,0.892819,nan
4019.700512412318,0.892774,nan
4021.690463161037,0.801328,nan
4023.6804139097558,0.83837,nan
4025.6703646584747,0.903468,nan
4027.6603154071936,0.916699,nan
4029.6502661559125,0.872433,nan
4031.6402169046314,0.865189,nan
4033.630167653351,0.908793,nan
4035.6201184020697,0.909504,nan
4037.6100691507886,0.931444,nan
4039.6000198995075,0.85613,nan
4041.5899706482264,0.81252,nan
4043.5799213969453,0.839572,nan
4045.5698721456642,0.859558,nan
4047.559822894383,0.861603,nan
4049.5497736431025,0.88573,nan
4051.5397243918214,0.866574,nan
4053.5296751405403,0.865878,nan
4055.5196258892593,0.848117,nan
4057.509576637978,0.797347,nan
4059.499527386697,0.779242,nan
4061.489478135416,0.743272,nan
4063.479428884135,0.744243,nan
4065.4693796328543,0.752381,nan
4067.459330381573,0.734456,nan
4069.449281130292,0.731878,nan
4071.439231879011,0.790002,nan
4073.42918262773,0.772671,nan
4075.419133376449,0.705083,nan
4077.4090841251677,0.73797,nan
4079.3990348738866,0.787675,nan
4081.388985622606,0.780546,nan
4083.378936371325,0.749947,nan
4085.368887120044,0.727104,nan
4087.3588378687627,0.708706,nan
4089.3487886174817,0.709724,nan
4091.3387393662006,0.789123,nan
4093.3286901149195,0.779783,nan
4095.318640863639,0.753121,nan
4097.308591612357,0.730782,nan
4099.298542361076,0.759976,nan
4101.288493109795,0.784967,nan
4103.278443858515,0.722786,nan
4105.268394607234,0.711681,nan
4107.258345355953,0.728949,nan
4109.248296104672,0.746891,nan
4111.238246853391,0.772386,nan
4113.2281976021095,0.700164,nan
4115.218148350828,0.718482,nan
4117.208099099547,0.722482,nan
4119.198049848266,0.660304,nan
4121.188000596985,0.670939,nan
4123.177951345704,0.690637,nan
4125.167902094423,0.726249,nan
4127.157852843142,0.6407,nan
4129.147803591861,0.643014,nan
4131.13775434058,0.661366,nan
4133.127705089299,0.676071,nan
4135.117655838018,0.692,nan
4137.107606586737,0.706124,nan
4139.097557335456,0.646907,nan
4141.087508084175,0.607169,nan
4143.077458832894,0.641439,nan
4145.067409581613,0.683583,nan
4147.057360330332,0.694879,nan
4149.047311079051,0.65693,nan
4151.03726182777,0.666754,nan
4153.027212576489,0.683364,nan
4155.017163325208,0.661396,nan
4157.0071140739265,0.666961,nan
4158.997064822645,0.692196,nan
4160.987015571364,0.69872,nan
4162.976966320083,0.727034,nan
4164.966917068802,0.720111,nan
4166.956867817522,0.732839,nan
4168.946818566241,0.708306,nan
4170.93676931496,0.693527,nan
4172.926720063679,0.739663,nan
4174.916670812398,0.705872,nan
4176.9066215611165,0.678304,nan
4178.896572309835,0.681464,nan
4180.886523058554,0.671655,nan
4182.876473807273,0.663815,nan
4184.866424555992,0.709911,nan
4186.856375304711,0.699571,nan
4188.84632605343,0.674722,nan
4190.836276802149,0.661234,nan
4192.826227550868,0.681615,nan
4194.816178299587,0.624137,nan
4196.8061290483065,0.680681,nan
4198.796079797025,0.635565,nan
4200.786030545744,0.625932,nan
4202.775981294463,0.635961,nan
4204.765932043182,0.642559,nan
4206.755882791901,0.65589,nan
4208.74583354062,0.675263,nan
4210.735784289339,0.630995,nan
4212.725735038058,0.652744,nan
4214.715685786777,0.696262,nan
4216.705636535496,0.656529,nan
4218.6955872842145,0.637688,nan
4220.685538032933,0.653812,nan
4222.675488781652,0.668928,nan
4224.665439530371,0.653833,nan
4226.65539027909,0.641506,nan
4228.64534102781,0.716018,nan
4230.635291776529,0.687743,nan
4232.625242525248,0.655545,nan
4234.615193273967,0.67009,nan
4236.605144022686,0.706187,nan
4238.595094771405,0.703847,nan
4240.5850455201235,0.707584,nan
4242.574996268842,0.718729,nan
4244.564947017561,0.710112,nan
4246.55489776628,0.738268,nan
4248.544848514999,0.735948,nan
4250.534799263718,0.742566,nan
4252.524750012437,0.745871,nan
4254.514700761156,0.737754,nan
4256.504651509875,0.751317,nan
4258.494602258594,0.757083,nan
4260.4845530073135,0.724403,nan
4262.474503756032,0.714836,nan
4264.464454504751,0.735334,nan
4266.45440525347,0.736388,nan
4268.444356002189,0.741403,nan
4270.434306750908,0.710344,nan
4272.424257499627,0.70587,nan
4274.414208248346,0.736443,nan
4276.404158997065,0.709667,nan
4278.394109745784,0.731901,nan
4280.384060494503,0.721303,nan
4282.3740112432215,0.697068,nan
4284.36396199194,0.717978,nan
4286.353912740659,0.705181,nan
4288.343863489378,0.704031,nan
4290.333814238098,0.721159,nan
4292.323764986817,0.70161,nan
4294.313715735536,0.696806,nan
4296.303666484255,0.689409,nan
4298.293617232974,0.688308,nan
4300.283567981693,0.709959,nan
4302.2735187304115,0.698051,nan
4304.26346947913,0.703707,nan
4306.253420227849,0.690826,nan
4308.243370976568,0.699203,nan
4310.233321725287,0.717212,nan
4312.223272474006,0.726063,nan
4314.213223222725,0.707025,nan
4316.203173971444,0.712494,nan
4318.193124720163,0.748719,nan
4320.183075468882,0.715326,nan
4322.173026217602,0.69323,nan
4324.1629769663205,0.697031,nan
4326.152927715039,0.655962,nan
4328.142878463758,0.64973,nan
4330.132829212477,0.649154,nan
4332.122779961196,0.673485,nan
4334.112730709915,0.616902,nan
4336.102681458634,0.598289,nan
4338.092632207353,0.612713,nan
4340.082582956072,0.615078,nan
4342.072533704791,0.620216,nan
4344.06248445351,0.626499,nan
4346.0524352022285,0.599576,nan
4348.042385950947,0.590963,nan
4350.032336699666,0.613323,nan
4352.022287448385,0.641581,nan
4354.012238197105,0.648063,nan
4356.002188945824,0.640583,nan
4357.992139694543,0.636205,nan
4359.982090443262,0.651043,nan
4361.972041191981,0.653513,nan
4363.9619919407,0.658478,nan
4365.9519426894185,0.671414,nan
4367.941893438137,0.639489,nan
4369.931844186856,0.644178,nan
4371.921794935575,0.670934,nan
4373.911745684294,0.656419,nan
4375.901696433013,0.633001,nan
4377.891647181732,0.650991,nan
4379.881597930451,0.63873,nan
4381.87154867917,0.609919,nan
4383.86149942789,0.592638,nan
4385.8514501766085,0.625852,nan
4387.841400925327,0.632578,nan
4389.831351674046,0.622956,nan
4391.821302422765,0.619965,nan
4393.811253171484,0.624414,nan
4395.801203920203,0.647273,nan
4397.791154668922,0.644545,nan
4399.781105417641,0.63798,nan
4401.77105616636,0.65962,nan
4403.761006915079,0.619689,nan
4405.750957663798,0.643552,nan
4407.740908412517,0.632667,nan
4409.7308591612355,0.644477,nan
4411.720809909954,0.649147,nan
4413.710760658673,0.629036,nan
4415.700711407393,0.635136,nan
4417.690662156112,0.64544,nan
4419.680612904831,0.641155,nan
4421.67056365355,0.650091,nan
4423.660514402269,0.683929,nan
4425.650465150988,0.685822,nan
4427.640415899707,0.659677,nan
4429.6303666484255,0.681573,nan
4431.620317397144,0.671936,nan
4433.610268145863,0.704323,nan
4435.600218894582,0.658615,nan
4437.590169643301,0.686079,nan
4439.58012039202,0.697524,nan
4441.570071140739,0.690829,nan
4443.560021889458,0.712292,nan
4445.549972638177,0.705541,nan
4447.539923386897,0.719509,nan
4449.5298741356155,0.706338,nan
4451.519824884334,0.65737,nan
4453.509775633053,0.654283,nan
4455.499726381772,0.700972,nan
4457.489677130491,0.663756,nan
4459.47962787921,0.695557,nan
4461.469578627929,0.720429,nan
4463.459529376648,0.73782,nan
4465.449480125367,0.754079,nan
4467.439430874086,0.736146,nan
4469.429381622805,0.733525,nan
4471.4193323715235,0.77028,nan
4473.409283120242,0.771414,nan
4475.399233868961,0.79783,nan
4477.389184617681,0.811194,nan
4479.3791353664,0.778552,nan
4481.369086115119,0.77976,nan
4483.359036863838,0.822161,nan
4485.348987612557,0.818926,nan
4487.338938361276,0.799102,nan
4489.328889109995,0.830124,nan
4491.318839858714,0.845227,nan
4493.3087906074325,0.89432,nan
4495.298741356151,0.901577,nan
4497.28869210487,0.914643,nan
4499.278642853589,0.896779,nan
4501.268593602308,0.891555,nan
4503.258544351027,0.912998,nan
4505.248495099746,0.930573,nan
4507.238445848465,0.926269,nan
4509.228396597185,0.936128,nan
4511.218347345904,0.945472,nan
4513.2082980946225,0.921179,nan
4515.198248843341,0.947765,nan
4517.18819959206,1.00713,nan
4519.178150340779,1.0077,nan
4521.168101089498,0.990473,nan
4523.158051838217,1.01422,nan
4525.148002586936,1.04792,nan
4527.137953335655,1.03107,nan
4529.127904084374,1.00845,nan
4531.117854833093,1.0254,nan
4533.107805581812,1.03641,nan
4535.0977563305305,1.04535,nan
4537.087707079249,1.08521,nan
4539.077657827968,1.08793,nan
4541.067608576688,1.08319,nan
4543.057559325407,1.11471,nan
4545.047510074126,1.12153,nan
4547.037460822845,1.12906,nan
4549.027411571564,1.14116,nan
4551.017362320283,1.14149,nan
4553.007313069002,1.12644,nan
4554.9972638177205,1.16901,nan
4556.987214566439,1.19483,nan
4558.977165315158,1.20559,nan
4560.967116063877,1.21636,nan
4562.957066812596,1.19945,nan
4564.947017561315,1.19584,nan
4566.936968310034,1.19336,nan
4568.926919058753,1.22822,nan
4570.916869807473,1.22102,nan
4572.906820556192,1.22108,nan
4574.8967713049105,1.24756,nan
4576.8867220536295,1.26017,nan
4578.876672802348,1.27451,nan
4580.866623551067,1.26901,nan
4582.856574299786,1.2448,nan
4584.846525048505,1.28601,nan
4586.836475797224,1.31347,nan
4588.826426545943,1.31344,nan
4590.816377294662,1.31304,nan
4592.806328043381,1.33021,nan
4594.7962787921,1.31104,nan
4596.786229540819,1.31063,nan
4598.7761802895375,1.31723,nan
4600.766131038256,1.3452,nan
4602.756081786976,1.34096,nan
4604.746032535695,1.30987,nan
4606.735983284414,1.32043,nan
4608.725934033133,1.35088,nan
4610.715884781852,1.36948,nan
4612.705835530571,1.3799,nan
4614.69578627929,1.34964,nan
4616.685737028009,1.36894,nan
4618.6756877767275,1.35822,nan
4620.665638525446,1.35282,nan
4622.655589274165,1.35431,nan
4624.645540022884,1.35191,nan
4626.635490771603,1.33715,nan
4628.625441520322,1.34547,nan
4630.615392269041,1.32239,nan
4632.60534301776,1.32587,nan
4634.59529376648,1.36413,nan
4636.585244515199,1.37948,nan
4638.5751952639175,1.3198,nan
4640.565146012636,1.30513,nan
4642.555096761355,1.33389,nan
4644.545047510074,1.3024,nan
4646.534998258793,1.33852,nan
4648.524949007512,1.34191,nan
4650.514899756231,1.32982,nan
4652.50485050495,1.30176,nan
4654.494801253669,1.2815,nan
4656.484752002388,1.30045,nan
4658.474702751107,1.34196,nan
4660.4646534998255,1.31302,nan
4662.4546042485445,1.28615,nan
4664.444554997264,1.29905,nan
4666.434505745983,1.24481,nan
4668.424456494702,1.23036,nan
4670.414407243421,1.24627,nan
4672.40435799214,1.24445,nan
4674.394308740859,1.2581,nan
4676.384259489578,1.2302,nan
4678.374210238297,1.21296,nan
4680.364160987016,1.19786,nan
4682.3541117357345,1.17482,nan
4684.344062484453,1.19164,nan
4686.334013233172,1.15805,nan
4688.323963981891,1.15747,nan
4690.31391473061,1.16236,nan
4692.303865479329,1.13791,nan
4694.293816228048,1.1481,nan
4696.283766976768,1.15937,nan
4698.273717725487,1.11821,nan
4700.263668474206,1.06818,nan
4702.2536192229245,1.09827,nan
4704.243569971643,1.11809,nan
4706.233520720362,1.08945,nan
4708.223471469081,1.10921,nan
4710.2134222178,1.07937,nan
4712.203372966519,1.07558,nan
4714.193323715238,1.02705,nan
4716.183274463957,1.00201,nan
4718.173225212676,1.03407,nan
4720.163175961395,1.04412,nan
4722.153126710114,1.01527,nan
4724.1430774588325,0.991695,nan
4726.133028207551,0.960317,nan
4728.122978956271,0.960042,nan
4730.11292970499,0.974914,nan
4732.102880453709,0.97317,nan
4734.092831202428,0.958326,nan
4736.082781951147,0.953366,nan
4738.072732699866,0.939363,nan
4740.062683448585,0.900429,nan
4742.052634197304,0.900488,nan
4744.0425849460225,0.929098,nan
4746.0325356947415,0.922959,nan
4748.02248644346,0.914626,nan
4750.012437192179,0.939989,nan
4752.002387940898,0.967477,nan
4753.992338689617,0.920602,nan
4755.982289438336,0.916742,nan
4757.972240187055,0.933832,nan
4759.962190935775,0.967506,nan
4761.952141684494,0.933275,nan
4763.942092433213,0.896572,nan
4765.9320431819315,0.898847,nan
4767.92199393065,0.920005,nan
4769.911944679369,0.930434,nan
4771.901895428088,0.912777,nan
4773.891846176807,0.905844,nan
4775.881796925526,0.897622,nan
4777.871747674245,0.889627,nan
4779.861698422964,0.867586,nan
4781.851649171683,0.855902,nan
4783.841599920402,0.858475,nan
4785.831550669121,0.849104,nan
4787.8215014178395,0.829828,nan
4789.811452166559,0.825092,nan
4791.801402915278,0.805236,nan
4793.791353663997,0.823595,nan
4795.781304412716,0.814305,nan
4797.771255161435,0.782379,nan
4799.761205910154,0.761398,nan
4801.751156658873,0.769815,nan
4803.741107407592,0.746882,nan
4805.731058156311,0.74542,nan
4807.7210089050295,0.746435,nan
4809.710959653748,0.748976,nan
4811.700910402467,0.728312,nan
4813.690861151186,0.744359,nan
4815.680811899905,0.71475,nan
4817.670762648624,0.716035,nan
4819.660713397343,0.72027,nan
4821.650664146063,0.713064,nan
4823.640614894782,0.705203,nan
4825.630565643501,0.717969,nan
4827.6205163922195,0.686906,nan
4829.610467140938,0.693636,nan
4831.600417889657,0.706901,nan
4833.590368638376,0.720793,nan
4835.580319387095,0.709001,nan
4837.570270135814,0.702791,nan
4839.560220884533,0.715402,nan
4841.550171633252,0.710575,nan
4843.540122381971,0.720132,nan
4845.53007313069,0.688149,nan
4847.520023879409,0.700434,nan
4849.509974628128,0.715727,nan
4851.4999253768465,0.724599,nan
4853.489876125566,0.7202,nan
4855.479826874285,0.739002,nan
4857.469777623004,0.764277,nan
4859.459728371723,0.843266,nan
4861.449679120442,0.854028,nan
4863.439629869161,0.793802,nan
4865.42958061788,0.758569,nan
4867.419531366599,0.772211,nan
4869.409482115318,0.769068,nan
4871.3994328640365,0.7816,nan
4873.389383612755,0.77907,nan
4875.379334361474,0.799377,nan
4877.369285110193,0.846966,nan
4879.359235858912,0.865103,nan
4881.349186607631,0.874129,nan
4883.339137356351,0.883327,nan
4885.32908810507,0.895104,nan
4887.319038853789,0.914366,nan
4889.308989602508,0.935971,nan
4891.2989403512265,0.952141,nan
4893.288891099945,0.989474,nan
4895.278841848664,1.03465,nan
4897.268792597383,1.08148,nan
4899.258743346102,1.08311,nan
4901.248694094821,1.07885,nan
4903.23864484354,1.12459,nan
4905.228595592259,1.1576,nan
4907.218546340978,1.161,nan
4909.208497089697,1.19002,nan
4911.198447838416,1.23762,nan
4913.1883985871345,1.25325,nan
4915.178349335854,1.2759,nan
4917.168300084573,1.28663,nan
4919.158250833292,1.29527,nan
4921.148201582011,1.35611,nan
4923.13815233073,1.37715,nan
4925.128103079449,1.36307,nan
4927.118053828168,1.38361,nan
4929.108004576887,1.42432,nan
4931.097955325606,1.4659,nan
4933.087906074325,1.46,nan
4935.0778568230435,1.44956,nan
4937.067807571762,1.46506,nan
4939.057758320481,1.4763,nan
4941.0477090692,1.49679,nan
4943.037659817919,1.53579,nan
4945.027610566638,1.50961,nan
4947.017561315358,1.50744,nan
4949.007512064077,1.53046,nan
4950.997462812796,1.5264,nan
4952.987413561515,1.49574,nan
4954.9773643102335,1.47457,nan
4956.967315058952,1.48513,nan
4958.957265807671,1.54999,nan
4960.94721655639,1.54322,nan
4962.937167305109,1.49893,nan
4964.927118053828,1.49861,nan
4966.917068802547,1.47619,nan
4968.907019551266,1.46836,nan
4970.896970299985,1.44968,nan
4972.886921048704,1.47531,nan
4974.876871797423,1.47075,nan
4976.866822546142,1.42255,nan
4978.856773294861,1.38703,nan
4980.84672404358,1.40663,nan
4982.836674792299,1.42278,nan
4984.826625541018,1.40117,nan
4986.816576289737,1.37845,nan
4988.806527038456,1.35694,nan
4990.796477787175,1.33093,nan
4992.786428535894,1.31662,nan
4994.776379284613,1.3245,nan
4996.7663300333315,1.30112,nan
4998.75628078205,1.26846,nan
5000.746231530769,1.25183,nan
5002.736182279488,1.29542,nan
5004.726133028207,1.30448,nan
5006.716083776926,1.25173,nan
5008.706034525646,1.21226,nan
5010.695985274365,1.17803,nan
5012.685936023084,1.16264,nan
5014.675886771803,1.14961,nan
5016.665837520522,1.11289,nan
5018.6557882692405,1.08277,nan
5020.645739017959,1.08674,nan
5022.635689766678,1.04043,nan
5024.625640515397,1.04193,nan
5026.615591264116,1.02204,nan
5028.605542012835,1.02155,nan
5030.595492761554,1.04499,nan
5032.585443510273,1.04956,nan
5034.575394258992,1.0242,nan
5036.565345007711,0.997811,nan
5038.55529575643,0.999571,nan
5040.545246505149,1.01048,nan
5042.535197253868,1.01883,nan
5044.525148002587,1.00955,nan
5046.515098751306,0.994393,nan
5048.505049500025,1.0104,nan
5050.495000248744,1.03798,nan
5052.484950997463,1.03267,nan
5054.474901746182,1.04625,nan
5056.464852494901,1.04871,nan
5058.45480324362,1.05888,nan
5060.4447539923385,1.03666,nan
5062.434704741057,1.0285,nan
5064.424655489776,1.03301,nan
5066.414606238495,1.04804,nan
5068.404556987214,1.05455,nan
5070.394507735934,1.04713,nan
5072.384458484653,1.04816,nan
5074.374409233372,1.08064,nan
5076.364359982091,1.08895,nan
5078.35431073081,1.0808,nan
5080.3442614795285,1.0845,nan
5082.334212228247,1.0961,nan
5084.324162976966,1.11778,nan
5086.314113725685,1.10276,nan
5088.304064474404,1.10096,nan
5090.294015223123,1.09833,nan
5092.283965971842,1.08131,nan
5094.273916720561,1.04665,nan
5096.26386746928,1.09138,nan
5098.253818217999,1.09818,nan
5100.243768966718,1.09205,nan
5102.2337197154375,1.08333,nan
5104.223670464156,1.09823,nan
5106.213621212875,1.09787,nan
5108.203571961594,1.07499,nan
5110.193522710313,1.07609,nan
5112.183473459032,1.07784,nan
5114.173424207751,1.10112,nan
5116.16337495647,1.10625,nan
5118.153325705189,1.08488,nan
5120.143276453908,1.07165,nan
5122.133227202627,1.09271,nan
5124.1231779513455,1.09455,nan
5126.113128700064,1.0966,nan
5128.103079448783,1.08439,nan
5130.093030197502,1.09206,nan
5132.082980946221,1.0919,nan
5134.072931694941,1.06559,nan
5136.06288244366,1.07403,nan
5138.052833192379,1.09023,nan
5140.042783941098,1.09214,nan
5142.032734689817,1.09311,nan
5144.0226854385355,1.09862,nan
5146.012636187254,1.08509,nan
5148.002586935973,1.07895,nan
5149.992537684692,1.09703,nan
5151.982488433411,1.0857,nan
5153.97243918213,1.11187,nan
5155.962389930849,1.13941,nan
5157.952340679568,1.1407,nan
5159.942291428287,1.11638,nan
5161.932242177006,1.12057,nan
5163.9221929257255,1.11982,nan
5165.912143674444,1.11284,nan
5167.902094423163,1.11593,nan
5169.892045171882,1.12092,nan
5171.881995920601,1.11185,nan
5173.87194666932,1.10724,nan
5175.861897418039,1.12765,nan
5177.851848166758,1.13367,nan
5179.841798915477,1.11419,nan
5181.831749664196,1.10169,nan
5183.821700412915,1.11483,nan
5185.811651161634,1.15833,nan
5187.8016019103525,1.18633,nan
5189.791552659071,1.18528,nan
5191.78150340779,1.16998,nan
5193.771454156509,1.15518,nan
5195.761404905229,1.17307,nan
5197.751355653948,1.22284,nan
5199.741306402667,1.20075,nan
5201.731257151386,1.17564,nan
5203.721207900105,1.17176,nan
5205.711158648824,1.1809,nan
5207.7011093975425,1.18435,nan
5209.691060146261,1.19853,nan
5211.68101089498,1.23301,nan
5213.670961643699,1.22606,nan
5215.660912392418,1.24105,nan
5217.650863141137,1.27898,nan
5219.640813889856,1.28407,nan
5221.630764638575,1.25659,nan
5223.620715387294,1.27274,nan
5225.610666136013,1.27914,nan
5227.6006168847325,1.27728,nan
5229.590567633451,1.30488,nan
5231.58051838217,1.30783,nan
5233.570469130889,1.2798,nan
5235.560419879608,1.28427,nan
5237.550370628327,1.35287,nan
5239.540321377046,1.36589,nan
5241.530272125765,1.33623,nan
5243.520222874484,1.33872,nan
5245.510173623203,1.35613,nan
5247.500124371922,1.37359,nan
5249.4900751206405,1.38967,nan
5251.480025869359,1.40133,nan
5253.469976618078,1.37484,nan
5255.459927366797,1.38616,nan
5257.449878115517,1.43269,nan
5259.439828864236,1.44321,nan
5261.429779612955,1.44046,nan
5263.419730361674,1.45467,nan
5265.409681110393,1.44078,nan
5267.399631859112,1.43806,nan
5269.389582607831,1.45116,nan
5271.3795333565495,1.4432,nan
5273.369484105268,1.43657,nan
5275.359434853987,1.45915,nan
5277.349385602706,1.50293,nan
5279.339336351425,1.53326,nan
5281.329287100144,1.50607,nan
5283.319237848863,1.50582,nan
5285.309188597582,1.52606,nan
5287.299139346301,1.52441,nan
5289.289090095021,1.52013,nan
5291.2790408437395,1.55295,nan
5293.268991592458,1.59384,nan
5295.258942341177,1.53268,nan
5297.248893089896,1.56362,nan
5299.238843838615,1.58505,nan
5301.228794587334,1.56717,nan
5303.218745336053,1.55555,nan
5305.208696084772,1.574,nan
5307.198646833491,1.58995,nan
5309.18859758221,1.59025,nan
5311.178548330929,1.61928,nan
5313.1684990796475,1.61991,nan
5315.158449828366,1.62187,nan
5317.148400577085,1.61246,nan
5319.138351325804,1.60922,nan
5321.128302074524,1.63201,nan
5323.118252823243,1.59312,nan
5325.108203571962,1.61216,nan
5327.098154320681,1.59598,nan
5329.0881050694,1.60029,nan
5331.078055818119,1.60694,nan
5333.0680065668375,1.61586,nan
5335.057957315556,1.61009,nan
5337.047908064275,1.64054,nan
5339.037858812994,1.64257,nan
5341.027809561713,1.69357,nan
5343.017760310432,1.68699,nan
5345.007711059151,1.65997,nan
5346.99766180787,1.65013,nan
5348.987612556589,1.66682,nan
5350.977563305309,1.66811,nan
5352.967514054028,1.69162,nan
5354.9574648027465,1.65243,nan
5356.947415551465,1.64057,nan
5358.937366300184,1.64909,nan
5360.927317048903,1.61712,nan
5362.917267797622,1.58934,nan
5364.907218546341,1.62548,nan
5366.89716929506,1.67563,nan
5368.887120043779,1.64006,nan
5370.877070792498,1.61703,nan
5372.867021541217,1.65512,nan
5374.856972289936,1.67467,nan
5376.8469230386545,1.61113,nan
5378.836873787373,1.59754,nan
5380.826824536092,1.6671,nan
5382.816775284812,1.62681,nan
5384.806726033531,1.64369,nan
5386.79667678225,1.62588,nan
5388.786627530969,1.53802,nan
5390.776578279688,1.53358,nan
5392.766529028407,1.60882,nan
5394.756479777126,1.59037,nan
5396.7464305258445,1.61436,nan
5398.736381274563,1.647,nan
5400.726332023282,1.62675,nan
5402.716282772001,1.59071,nan
5404.70623352072,1.58439,nan
5406.696184269439,1.60234,nan
5408.686135018158,1.61204,nan
5410.676085766877,1.64652,nan
5412.666036515596,1.69262,nan
5414.655987264316,1.67237,nan
5416.6459380130345,1.643,nan
5418.635888761753,1.64683,nan
5420.625839510472,1.68952,nan
5422.615790259191,1.67872,nan
5424.60574100791,1.71218,nan
5426.595691756629,1.72879,nan
5428.585642505348,1.75361,nan
5430.575593254067,1.7578,nan
5432.565544002786,1.74002,nan
5434.555494751505,1.73917,nan
5436.545445500224,1.80834,nan
5438.535396248943,1.86419,nan
5440.5253469976615,1.8537,nan
5442.51529774638,1.81946,nan
5444.5052484951,1.79984,nan
5446.495199243819,1.82998,nan
5448.485149992538,1.87441,nan
5450.475100741257,1.90413,nan
5452.465051489976,1.89711,nan
5454.455002238695,1.84545,nan
5456.444952987414,1.89376,nan
5458.434903736133,1.91393,nan
5460.4248544848515,1.88761,nan
5462.41480523357,1.90122,nan
5464.404755982289,1.91199,nan
5466.394706731008,1.93267,nan
5468.384657479727,1.95748,nan
5470.374608228446,1.95401,nan
5472.364558977165,1.9379,nan
5474.354509725884,1.93663,nan
5476.344460474604,1.96837,nan
5478.334411223323,1.99154,nan
5480.3243619720415,1.95907,nan
5482.31431272076,1.97476,nan
5484.304263469479,1.9881,nan
5486.294214218198,1.98335,nan
5488.284164966917,1.98517,nan
5490.274115715636,1.98317,nan
5492.264066464355,1.9561,nan
5494.254017213074,1.96082,nan
5496.243967961793,1.97565,nan
5498.233918710512,1.94655,nan
5500.223869459231,1.93136,nan
5502.2138202079495,1.94754,nan
5504.203770956668,1.96326,nan
5506.193721705387,1.95418,nan
5508.183672454107,1.98399,nan
5510.173623202826,1.95572,nan
5512.163573951545,1.90372,nan
5514.153524700264,1.91855,nan
5516.143475448983,1.96702,nan
5518.133426197702,1.96071,nan
5520.123376946421,1.92894,nan
5522.11332769514,1.96243,nan
5524.1032784438585,1.93593,nan
5526.093229192577,1.884,nan
5528.083179941296,1.87816,nan
5530.073130690015,1.90463,nan
5532.063081438734,1.91154,nan
5534.053032187453,1.88967,nan
5536.042982936172,1.85541,nan
5538.032933684892,1.85217,nan
5540.022884433611,1.86474,nan
5542.01283518233,1.83302,nan
5544.0027859310485,1.82837,nan
5545.992736679767,1.85002,nan
5547.982687428486,1.84741,nan
5549.972638177205,1.8263,nan
5551.962588925924,1.82915,nan
5553.952539674643,1.86201,nan
5555.942490423362,1.86911,nan
5557.932441172081,1.81407,nan
5559.9223919208,1.78668,nan
5561.912342669519,1.85022,nan
5563.902293418238,1.84402,nan
5565.8922441669565,1.84604,nan
5567.882194915675,1.84384,nan
5569.872145664395,1.8228,nan
5571.862096413114,1.79412,nan
5573.852047161833,1.7856,nan
5575.841997910552,1.82101,nan
5577.831948659271,1.80735,nan
5579.82189940799,1.78872,nan
5581.811850156709,1.75903,nan
5583.801800905428,1.77233,nan
5585.7917516541465,1.75907,nan
5587.781702402865,1.73405,nan
5589.771653151584,1.74638,nan
5591.761603900303,1.70759,nan
5593.751554649022,1.67364,nan
5595.741505397741,1.63877,nan
5597.73145614646,1.66478,nan
5599.721406895179,1.62857,nan
5601.711357643899,1.57541,nan
5603.701308392618,1.5836,nan
5605.691259141337,1.60995,nan
5607.6812098900555,1.50594,nan
5609.671160638774,1.48187,nan
5611.661111387493,1.44009,nan
5613.651062136212,1.38859,nan
5615.641012884931,1.37643,nan
5617.63096363365,1.33731,nan
5619.620914382369,1.25374,nan
5621.610865131088,1.25535,nan
5623.600815879807,1.13871,nan
5625.590766628526,1.07367,nan
5627.580717377245,1.04133,nan
5629.5706681259635,1.006,nan
5631.560618874682,1.01861,nan
5633.550569623402,1.06437,nan
5635.540520372121,0.942516,nan
5637.53047112084,0.850531,nan
5639.520421869559,0.854062,nan
5641.510372618278,0.872779,nan
5643.500323366997,0.867746,nan
5645.490274115716,0.858576,nan
5647.480224864435,0.847603,nan
5649.4701756131535,0.814705,nan
5651.460126361872,0.800897,nan
5653.450077110591,0.821212,nan
5655.44002785931,0.840875,nan
5657.429978608029,0.826067,nan
5659.419929356748,0.799357,nan
5661.409880105467,0.797591,nan
5663.399830854187,0.795359,nan
5665.389781602906,0.785167,nan
5667.379732351625,0.795706,nan
5669.3696831003435,0.788494,nan
5671.359633849062,0.789118,nan
5673.349584597781,0.822882,nan
5675.3395353465,0.853035,nan
5677.329486095219,0.854575,nan
5679.319436843938,0.874122,nan
5681.309387592657,0.870541,nan
5683.299338341376,0.855301,nan
5685.289289090095,0.86716,nan
5687.279239838814,0.894181,nan
5689.269190587533,0.9063,nan
5691.259141336252,0.931693,nan
5693.2490920849705,0.94485,nan
5695.23904283369,0.895505,nan
5697.228993582409,0.886117,nan
5699.218944331128,0.927621,nan
5701.208895079847,0.967916,nan
5703.198845828566,0.977333,nan
5705.188796577285,0.964734,nan
5707.178747326004,0.968444,nan
5709.168698074723,0.984468,nan
5711.158648823442,1.03116,nan
5713.1485995721605,1.06824,nan
5715.138550320879,1.06971,nan
5717.128501069598,1.06127,nan
5719.118451818317,1.12615,nan
5721.108402567036,1.15101,nan
5723.098353315755,1.13467,nan
5725.088304064474,1.16553,nan
5727.078254813194,1.18492,nan
5729.068205561913,1.20566,nan
5731.058156310632,1.24932,nan
5733.0481070593505,1.26981,nan
5735.038057808069,1.27767,nan
5737.028008556788,1.30436,nan
5739.017959305507,1.33488,nan
5741.007910054226,1.37353,nan
5742.997860802945,1.41058,nan
5744.987811551664,1.4165,nan
5746.977762300383,1.41917,nan
5748.967713049102,1.40526,nan
5750.957663797821,1.41641,nan
5752.94761454654,1.46241,nan
5754.9375652952585,1.47245,nan
5756.927516043978,1.4878,nan
5758.917466792697,1.48596,nan
5760.907417541416,1.49469,nan
5762.897368290135,1.54462,nan
5764.887319038854,1.55579,nan
5766.877269787573,1.58524,nan
5768.867220536292,1.61445,nan
5770.857171285011,1.64717,nan
5772.84712203373,1.6665,nan
5774.837072782449,1.67416,nan
5776.8270235311675,1.69665,nan
5778.816974279886,1.7528,nan
5780.806925028605,1.73788,nan
5782.796875777324,1.76053,nan
5784.786826526043,1.7733,nan
5786.776777274762,1.774,nan
5788.766728023482,1.80433,nan
5790.756678772201,1.82388,nan
5792.74662952092,1.88188,nan
5794.736580269639,1.86368,nan
5796.7265310183575,1.85205,nan
5798.716481767076,1.91242,nan
5800.706432515795,1.95707,nan
5802.696383264514,1.92795,nan
5804.686334013233,1.99687,nan
5806.676284761952,1.99912,nan
5808.666235510671,2.0457,nan
5810.65618625939,2.07649,nan
5812.646137008109,2.08917,nan
5814.636087756828,2.07462,nan
5816.626038505547,2.05951,nan
5818.6159892542655,2.05256,nan
5820.605940002985,2.06202,nan
5822.595890751704,2.10068,nan
5824.585841500423,2.1206,nan
5826.575792249142,2.11834,nan
5828.565742997861,2.13832,nan
5830.55569374658,2.16129,nan
5832.545644495299,2.20547,nan
5834.535595244018,2.23291,nan
5836.525545992737,2.21111,nan
5838.5154967414555,2.17812,nan
5840.505447490174,2.1626,nan
5842.495398238893,2.17377,nan
5844.485348987612,2.19546,nan
5846.475299736331,2.18065,nan
5848.46525048505,2.15751,nan
5850.45520123377,2.21204,nan
5852.445151982489,2.24944,nan
5854.435102731208,2.24692,nan
5856.425053479927,2.18659,nan
5858.415004228646,2.11251,nan
5860.4049549773645,2.09897,nan
5862.394905726083,2.14505,nan
5864.384856474802,2.20402,nan
5866.374807223521,2.20779,nan
5868.36475797224,2.17813,nan
5870.354708720959,2.20997,nan
5872.344659469678,2.28059,nan
5874.334610218397,2.29354,nan
5876.324560967116,2.30756,nan
5878.314511715835,2.2648,nan
5880.304462464554,2.25714,nan
5882.294413213273,2.25085,nan
5884.284363961992,2.23985,nan
5886.274314710711,2.18763,nan
5888.26426545943,2.06634,nan
5890.254216208149,1.97518,nan
5892.244166956868,2.05794,nan
5894.234117705587,2.08203,nan
5896.224068454306,2.0944,nan
5898.214019203025,2.15531,nan
5900.203969951744,2.2237,nan
5902.1939207004625,2.19783,nan
5904.183871449181,2.21207,nan
5906.1738221979,2.16759,nan
5908.163772946619,2.17533,nan
5910.153723695338,2.16691,nan
5912.143674444057,2.16188,nan
5914.133625192777,2.18653,nan
5916.123575941496,2.21497,nan
5918.113526690215,2.18663,nan
5920.103477438934,2.19489,nan
5922.0934281876525,2.23035,nan
5924.083378936371,2.18429,nan
5926.07332968509,2.16776,nan
5928.063280433809,2.19057,nan
5930.053231182528,2.17364,nan
5932.043181931247,2.15302,nan
5934.033132679966,2.15866,nan
5936.023083428685,2.10208,nan
5938.013034177404,2.12318,nan
5940.002984926123,2.10446,nan
5941.992935674842,2.05714,nan
5943.9828864235615,2.08855,nan
5945.97283717228,2.10797,nan
5947.962787920999,2.09717,nan
5949.952738669718,2.06592,nan
5951.942689418437,2.08402,nan
5953.932640167156,2.10964,nan
5955.922590915875,2.07454,nan
5957.912541664594,2.0502,nan
5959.902492413313,2.05081,nan
5961.892443162032,2.02815,nan
5963.882393910751,1.96855,nan
5965.8723446594695,1.97114,nan
5967.862295408188,1.99779,nan
5969.852246156907,2.00247,nan
5971.842196905626,1.97799,nan
5973.832147654345,1.95497,nan
5975.822098403065,1.90193,nan
5977.812049151784,1.90688,nan
5979.801999900503,1.90731,nan
5981.791950649222,1.92064,nan
5983.781901397941,1.9061,nan
5985.7718521466595,1.8687,nan
5987.761802895378,1.83976,nan
5989.751753644097,1.83325,nan
5991.741704392816,1.85582,nan
5993.731655141535,1.8347,nan
5995.721605890254,1.8166,nan
5997.711556638973,1.81737,nan
5999.701507387692,1.82255,nan
6001.691458136411,1.7968,nan
6003.68140888513,1.75917,nan
6005.671359633849,1.73894,nan
6007.661310382568,1.72964,nan
6009.651261131287,1.70044,nan
6011.641211880006,1.6833,nan
6013.631162628725,1.68001,nan
6015.621113377444,1.67377,nan
6017.611064126163,1.64519,nan
6019.601014874882,1.63109,nan
6021.590965623601,1.61899,nan
6023.58091637232,1.62055,nan
6025.570867121039,1.62255,nan
6027.560817869758,1.6104,nan
6029.5507686184765,1.56534,nan
6031.540719367195,1.55311,nan
6033.530670115914,1.56952,nan
6035.520620864633,1.57852,nan
6037.510571613353,1.55008,nan
6039.500522362072,1.5183,nan
6041.490473110791,1.5103,nan
6043.48042385951,1.52725,nan
6045.470374608229,1.53968,nan
6047.460325356948,1.54168,nan
6049.4502761056665,1.51623,nan
6051.440226854385,1.48511,nan
6053.430177603104,1.47828,nan
6055.420128351823,1.50935,nan
6057.410079100542,1.54312,nan
6059.400029849261,1.54457,nan
6061.38998059798,1.51155,nan
6063.379931346699,1.5402,nan
6065.369882095418,1.49352,nan
6067.359832844137,1.47805,nan
6069.3497835928565,1.46947,nan
6071.339734341575,1.46597,nan
6073.329685090294,1.46115,nan
6075.319635839013,1.4461,nan
6077.309586587732,1.49572,nan
6079.299537336451,1.50264,nan
6081.28948808517,1.48487,nan
6083.279438833889,1.47997,nan
6085.269389582608,1.44585,nan
6087.259340331327,1.35236,nan
6089.249291080046,1.41706,nan
6091.2392418287645,1.40047,nan
6093.229192577483,1.39524,nan
6095.219143326202,1.45791,nan
6097.209094074921,1.47644,nan
6099.19904482364,1.44652,nan
6101.18899557236,1.45217,nan
6103.178946321079,1.45633,nan
6105.168897069798,1.42208,nan
6107.158847818517,1.46805,nan
6109.148798567236,1.47151,nan
6111.138749315955,1.46776,nan
6113.1287000646735,1.48411,nan
6115.118650813392,1.43144,nan
6117.108601562111,1.4367,nan
6119.09855231083,1.50678,nan
6121.088503059549,1.52227,nan
6123.078453808268,1.49829,nan
6125.068404556987,1.49964,nan
6127.058355305706,1.5123,nan
6129.048306054425,1.50325,nan
6131.038256803145,1.52372,nan
6133.0282075518635,1.49767,nan
6135.018158300582,1.50053,nan
6137.008109049301,1.53054,nan
6138.99805979802,1.57868,nan
6140.988010546739,1.61845,nan
6142.977961295458,1.62328,nan
6144.967912044177,1.57907,nan
6146.957862792896,1.59028,nan
6148.947813541615,1.57488,nan
6150.937764290334,1.59794,nan
6152.927715039053,1.62151,nan
6154.9176657877715,1.62539,nan
6156.90761653649,1.60556,nan
6158.897567285209,1.59149,nan
6160.887518033928,1.59559,nan
6162.877468782648,1.62479,nan
6164.867419531367,1.63129,nan
6166.857370280086,1.62855,nan
6168.847321028805,1.62421,nan
6170.837271777524,1.63471,nan
6172.827222526243,1.64962,nan
6174.8171732749615,1.65018,nan
6176.80712402368,1.60143,nan
6178.797074772399,1.57462,nan
6180.787025521118,1.59166,nan
6182.776976269837,1.61886,nan
6184.766927018556,1.60839,nan
6186.756877767275,1.60157,nan
6188.746828515994,1.61956,nan
6190.736779264713,1.62644,nan
6192.726730013432,1.58785,nan
6194.716680762152,1.5485,nan
6196.7066315108705,1.54373,nan
6198.696582259589,1.53223,nan
6200.686533008308,1.48094,nan
6202.676483757027,1.47891,nan
6204.666434505746,1.50422,nan
6206.656385254465,1.47393,nan
6208.646336003184,1.45652,nan
6210.636286751903,1.4574,nan
6212.626237500622,1.45922,nan
6214.616188249341,1.44887,nan
6216.60613899806,1.45856,nan
6218.5960897467785,1.42589,nan
6220.586040495497,1.41587,nan
6222.575991244216,1.42049,nan
6224.565941992936,1.45129,nan
6226.555892741655,1.47036,nan
6228.545843490374,1.42267,nan
6230.535794239093,1.40625,nan
6232.525744987812,1.40162,nan
6234.515695736531,1.38064,nan
6236.50564648525,1.34884,nan
6238.4955972339685,1.33102,nan
6240.485547982687,1.33898,nan
6242.475498731406,1.3499,nan
6244.465449480125,1.39944,nan
6246.455400228844,1.35107,nan
6248.445350977563,1.35076,nan
6250.435301726282,1.32903,nan
6252.425252475001,1.28891,nan
6254.41520322372,1.31624,nan
6256.40515397244,1.37699,nan
6258.3951047211585,1.36423,nan
6260.385055469877,1.35921,nan
6262.375006218596,1.35479,nan
6264.364956967315,1.34074,nan
6266.354907716034,1.3434,nan
6268.344858464753,1.36645,nan
6270.334809213472,1.36797,nan
6272.324759962191,1.35488,nan
6274.31471071091,1.35243,nan
6276.304661459629,1.34654,nan
6278.294612208348,1.33321,nan
6280.284562957067,1.33182,nan
6282.2745137057855,1.34734,nan
6284.264464454504,1.36176,nan
6286.254415203223,1.35284,nan
6288.244365951943,1.37306,nan
6290.234316700662,1.37027,nan
6292.224267449381,1.35878,nan
6294.2142181981,1.35392,nan
6296.204168946819,1.34213,nan
6298.194119695538,1.33133,nan
6300.184070444257,1.36282,nan
6302.1740211929755,1.35458,nan
6304.163971941694,1.36219,nan
6306.153922690413,1.3571,nan
6308.143873439132,1.36425,nan
6310.133824187851,1.38674,nan
6312.12377493657,1.38401,nan
6314.113725685289,1.37779,nan
6316.103676434008,1.37685,nan
6318.093627182728,1.35297,nan
6320.083577931447,1.3459,nan
6322.0735286801655,1.37105,nan
6324.063479428884,1.40301,nan
6326.053430177603,1.39744,nan
6328.043380926322,1.3731,nan
6330.033331675041,1.38427,nan
6332.02328242376,1.39488,nan
6334.013233172479,1.4168,nan
6336.003183921198,1.42027,nan
6337.993134669917,1.41538,nan
6339.983085418636,1.41877,nan
6341.973036167355,1.41215,nan
6343.9629869160735,1.4222,nan
6345.952937664792,1.43676,nan
6347.942888413511,1.46543,nan
6349.932839162231,1.47434,nan
6351.92278991095,1.46221,nan
6353.912740659669,1.4543,nan
6355.902691408388,1.47277,nan
6357.892642157107,1.49882,nan
6359.882592905826,1.50419,nan
6361.872543654545,1.51098,nan
6363.862494403264,1.52508,nan
6365.8524451519825,1.53955,nan
6367.842395900701,1.53764,nan
6369.83234664942,1.53469,nan
6371.822297398139,1.54342,nan
6373.812248146858,1.54594,nan
6375.802198895577,1.54561,nan
6377.792149644296,1.54677,nan
6379.782100393015,1.547,nan
6381.772051141735,1.55263,nan
6383.762001890454,1.56204,nan
6385.7519526391725,1.56656,nan
6387.741903387891,1.57121,nan
6389.73185413661,1.57573,nan
6391.721804885329,1.57845,nan
6393.711755634048,1.58665,nan
6395.701706382767,1.59326,nan
6397.691657131486,1.58761,nan
6399.681607880205,1.5649,nan
6401.671558628924,1.56641,nan
6403.661509377643,1.57243,nan
6405.651460126362,1.57766,nan
6407.6414108750805,1.59353,nan
6409.631361623799,1.61031,nan
6411.621312372518,1.62208,nan
6413.611263121238,1.64006,nan
6415.601213869957,1.64869,nan
6417.591164618676,1.62564,nan
6419.581115367395,1.6233,nan
6421.571066116114,1.63573,nan
6423.561016864833,1.64791,nan
6425.550967613552,1.64372,nan
6427.5409183622705,1.63607,nan
6429.530869110989,1.62618,nan
6431.520819859708,1.62588,nan
6433.510770608427,1.64937,nan
6435.500721357146,1.68972,nan
6437.490672105865,1.71313,nan
6439.480622854584,1.70963,nan
6441.470573603303,1.68963,nan
6443.460524352023,1.67933,nan
6445.450475100742,1.64538,nan
6447.440425849461,1.62507,nan
6449.4303765981795,1.61875,nan
6451.420327346898,1.61916,nan
6453.410278095617,1.61748,nan
6455.400228844336,1.60448,nan
6457.390179593055,1.60243,nan
6459.380130341774,1.59523,nan
6461.370081090493,1.57275,nan
6463.360031839212,1.55033,nan
6465.349982587931,1.53707,nan
6467.33993333665,1.53805,nan
6469.329884085369,1.55198,nan
6471.3198348340875,1.53101,nan
6473.309785582806,1.51624,nan
6475.299736331526,1.5147,nan
6477.289687080245,1.49995,nan
6479.279637828964,1.47342,nan
6481.269588577683,1.46739,nan
6483.259539326402,1.4923,nan
6485.249490075121,1.48413,nan
6487.23944082384,1.4965,nan
6489.229391572559,1.51655,nan
6491.2193423212775,1.52957,nan
6493.209293069996,1.54605,nan
6495.199243818715,1.55818,nan
6497.189194567434,1.56599,nan
6499.179145316153,1.58234,nan
6501.169096064872,1.60012,nan
6503.159046813591,1.62463,nan
6505.14899756231,1.63032,nan
6507.13894831103,1.63468,nan
6509.128899059749,1.65837,nan
6511.1188498084675,1.70073,nan
6513.108800557186,1.73722,nan
6515.098751305905,1.73216,nan
6517.088702054624,1.74431,nan
6519.078652803343,1.76814,nan
6521.068603552062,1.76548,nan
6523.058554300781,1.76915,nan
6525.0485050495,1.78502,nan
6527.038455798219,1.76731,nan
6529.028406546938,1.78892,nan
6531.018357295657,1.78668,nan
6533.008308044376,1.81082,nan
6534.9982587930945,1.82284,nan
6536.988209541814,1.83251,nan
6538.978160290533,1.86016,nan
6540.968111039252,1.87184,nan
6542.958061787971,1.8321,nan
6544.94801253669,1.83289,nan
6546.937963285409,1.84254,nan
6548.927914034128,1.86264,nan
6550.917864782847,1.88373,nan
6552.907815531566,1.90111,nan
6554.8977662802845,1.92446,nan
6556.887717029003,1.94288,nan
6558.877667777722,2.02044,nan
6560.867618526441,2.07255,nan
6562.85756927516,2.03119,nan
6564.847520023879,1.95278,nan
6566.837470772598,1.89134,nan
6568.827421521318,1.86277,nan
6570.817372270037,1.87838,nan
6572.807323018756,1.86134,nan
6574.7972737674745,1.87491,nan
6576.787224516193,1.87516,nan
6578.777175264912,1.86938,nan
6580.767126013631,1.88328,nan
6582.75707676235,1.90157,nan
6584.747027511069,1.88583,nan
6586.736978259788,1.85261,nan
6588.726929008507,1.85209,nan
6590.716879757226,1.84738,nan
6592.706830505945,1.83438,nan
6594.696781254664,1.83193,nan
6596.6867320033825,1.84725,nan
6598.676682752101,1.85111,nan
6600.666633500821,1.85096,nan
6602.65658424954,1.86086,nan
6604.646534998259,1.8648,nan
6606.636485746978,1.86101,nan
6608.626436495697,1.85383,nan
6610.616387244416,1.8457,nan
6612.606337993135,1.82873,nan
6614.596288741854,1.81206,nan
6616.586239490573,1.81026,nan
6618.5761902392915,1.80841,nan
6620.56614098801,1.82167,nan
6622.556091736729,1.83521,nan
6624.546042485448,1.82283,nan
6626.535993234167,1.80527,nan
6628.525943982886,1.8395,nan
6630.515894731606,1.85764,nan
6632.505845480325,1.84956,nan
6634.495796229044,1.82946,nan
6636.485746977763,1.82471,nan
6638.4756977264815,1.83051,nan
6640.4656484752,1.8307,nan
6642.455599223919,1.80554,nan
6644.445549972638,1.77305,nan
6646.435500721357,1.77113,nan
6648.425451470076,1.79036,nan
6650.415402218795,1.79229,nan
6652.405352967514,1.78466,nan
6654.395303716233,1.774,nan
6656.385254464952,1.77852,nan
6658.375205213671,1.78032,nan
6660.3651559623895,1.76199,nan
6662.355106711109,1.74966,nan
6664.345057459828,1.74834,nan
6666.335008208547,1.74217,nan
6668.324958957266,1.7189,nan
6670.314909705985,1.70613,nan
6672.304860454704,1.69251,nan
6674.294811203423,1.68486,nan
6676.284761952142,1.67133,nan
6678.274712700861,1.66581,nan
6680.2646634495795,1.67845,nan
6682.254614198298,1.68525,nan
6684.244564947017,1.67721,nan
6686.234515695736,1.66765,nan
6688.224466444455,1.65195,nan
6690.214417193174,1.64214,nan
6692.204367941893,1.63908,nan
6694.194318690613,1.63707,nan
6696.184269439332,1.62101,nan
6698.174220188051,1.61293,nan
6700.16417093677,1.61346,nan
6702.1541216854885,1.60896,nan
6704.144072434207,1.59617,nan
6706.134023182926,1.59453,nan
6708.123973931645,1.60117,nan
6710.113924680364,1.60742,nan
6712.103875429083,1.62235,nan
6714.093826177802,1.63214,nan
6716.083776926521,1.62105,nan
6718.07372767524,1.61463,nan
6720.063678423959,1.61354,nan
6722.053629172678,1.60918,nan
6724.043579921397,1.60305,nan
6726.033530670116,1.59102,nan
6728.023481418835,1.58367,nan
6730.013432167554,1.56707,nan
6732.003382916273,1.54261,nan
6733.993333664992,1.53496,nan
6735.983284413711,1.54762,nan
6737.97323516243,1.559,nan
6739.963185911149,1.55776,nan
6741.953136659868,1.55173,nan
6743.9430874085865,1.56573,nan
6745.933038157305,1.57872,nan
6747.922988906024,1.58213,nan
6749.912939654743,1.57418,nan
6751.902890403462,1.55514,nan
6753.892841152181,1.54168,nan
6755.882791900901,1.55573,nan
6757.87274264962,1.55352,nan
6759.862693398339,1.52886,nan
6761.852644147058,1.49554,nan
6763.8425948957765,1.48503,nan
6765.832545644495,1.49233,nan
6767.822496393214,1.46859,nan
6769.812447141933,1.44593,nan
6771.802397890652,1.43723,nan
6773.792348639371,1.4312,nan
6775.78229938809,1.42452,nan
6777.772250136809,1.42144,nan
6779.762200885528,1.43162,nan
6781.752151634247,1.44005,nan
6783.742102382966,1.42003,nan
6785.732053131685,1.39888,nan
6787.722003880404,1.38986,nan
6789.711954629123,1.38942,nan
6791.701905377842,1.38755,nan
6793.691856126561,1.37775,nan
6795.68180687528,1.37042,nan
6797.671757623999,1.34826,nan
6799.661708372718,1.33206,nan
6801.651659121437,1.3347,nan
6803.641609870156,1.32723,nan
6805.631560618875,1.31462,nan
6807.6215113675935,1.311,nan
6809.611462116312,1.3113,nan
6811.601412865031,1.30754,nan
6813.59136361375,1.2944,nan
6815.581314362469,1.29275,nan
6817.571265111189,1.28795,nan
6819.561215859908,1.28163,nan
6821.551166608627,1.26937,nan
6823.541117357346,1.25391,nan
6825.531068106065,1.24382,nan
6827.5210188547835,1.24079,nan
6829.510969603502,1.22816,nan
6831.500920352221,1.21261,nan
6833.49087110094,1.19362,nan
6835.480821849659,1.17082,nan
6837.470772598378,1.15074,nan
6839.460723347097,1.14816,nan
6841.450674095816,1.15886,nan
6843.440624844535,1.16561,nan
6845.430575593254,1.18386,nan
6847.420526341973,1.18677,nan
6849.410477090692,1.18391,nan
6851.400427839411,1.17277,nan
6853.39037858813,1.15407,nan
6855.380329336849,1.14201,nan
6857.370280085568,1.14185,nan
6859.360230834287,1.1456,nan
6861.350181583006,1.14689,nan
6863.340132331725,1.13846,nan
6865.330083080444,1.13526,nan
6867.320033829163,1.16554,nan
6869.309984577882,1.18526,nan
6871.2999353266005,1.18863,nan
6873.289886075319,1.20904,nan
6875.279836824038,1.21901,nan
6877.269787572757,1.19905,nan
6879.259738321476,1.17528,nan
6881.249689070196,1.1974,nan
6883.239639818915,1.21948,nan
6885.229590567634,1.24267,nan
6887.219541316353,1.24892,nan
6889.209492065072,1.26223,nan
6891.1994428137905,1.28426,nan
6893.189393562509,1.30111,nan
6895.179344311228,1.31867,nan
6897.169295059947,1.3082,nan
6899.159245808666,1.30501,nan
6901.149196557385,1.2978,nan
6903.139147306104,1.30234,nan
6905.129098054823,1.30735,nan
6907.119048803542,1.30578,nan
6909.108999552261,1.32168,nan
6911.0989503009805,1.33744,nan
6913.088901049699,1.33022,nan
6915.078851798418,1.34434,nan
6917.068802547137,1.36334,nan
6919.058753295856,1.36451,nan
6921.048704044575,1.36632,nan
6923.038654793294,1.38154,nan
6925.028605542013,1.37422,nan
6927.018556290732,1.38114,nan
6929.008507039451,1.39007,nan
6930.99845778817,1.39928,nan
6932.9884085368885,1.40899,nan
6934.978359285607,1.41524,nan
6936.968310034326,1.4106,nan
6938.958260783045,1.40839,nan
6940.948211531764,1.42436,nan
6942.938162280484,1.42797,nan
6944.928113029203,1.43209,nan
6946.918063777922,1.43349,nan
6948.908014526641,1.41852,nan
6950.89796527536,1.4219,nan
6952.887916024079,1.42061,nan
6954.8778667727975,1.43411,nan
6956.867817521516,1.44892,nan
6958.857768270235,1.47098,nan
6960.847719018954,1.47922,nan
6962.837669767673,1.47915,nan
6964.827620516392,1.48094,nan
6966.817571265111,1.47738,nan
6968.80752201383,1.46998,nan
6970.797472762549,1.47459,nan
6972.787423511268,1.4873,nan
6974.7773742599875,1.48995,nan
6976.767325008706,1.48536,nan
6978.757275757425,1.48387,nan
6980.747226506144,1.48421,nan
6982.737177254863,1.48571,nan
6984.727128003582,1.48802,nan
6986.717078752301,1.48981,nan
6988.70702950102,1.4991,nan
6990.696980249739,1.51759,nan
6992.686930998458,1.53297,nan
6994.676881747177,1.54732,nan
6996.6668324958955,1.55821,nan
6998.656783244614,1.55682,nan
7000.646733993333,1.54057,nan
7002.636684742052,1.5324,nan
7004.626635490772,1.52578,nan
7006.616586239491,1.51928,nan
7008.60653698821,1.51366,nan
7010.596487736929,1.50807,nan
7012.586438485648,1.49653,nan
7014.576389234367,1.4736,nan
7016.5663399830855,1.46407,nan
7018.556290731804,1.45988,nan
7020.546241480523,1.46488,nan
7022.536192229242,1.48581,nan
7024.526142977961,1.5212,nan
7026.51609372668,1.53084,nan
7028.506044475399,1.52357,nan
7030.495995224118,1.51524,nan
7032.485945972837,1.49848,nan
7034.475896721556,1.48316,nan
7036.465847470276,1.48105,nan
7038.4557982189945,1.49012,nan
7040.445748967713,1.48869,nan
7042.435699716432,1.4865,nan
7044.425650465151,1.47596,nan
7046.41560121387,1.45135,nan
7048.405551962589,1.42382,nan
7050.395502711308,1.41296,nan
7052.385453460027,1.41833,nan
7054.375404208746,1.4092,nan
7056.365354957465,1.38931,nan
7058.355305706184,1.37452,nan
7060.3452564549025,1.37006,nan
7062.335207203621,1.37007,nan
7064.32515795234,1.36207,nan
7066.315108701059,1.33984,nan
7068.305059449779,1.33914,nan
7070.295010198498,1.36082,nan
7072.284960947217,1.37801,nan
7074.274911695936,1.37732,nan
7076.264862444655,1.36651,nan
7078.254813193374,1.36141,nan
7080.2447639420925,1.35314,nan
7082.234714690811,1.35196,nan
7084.22466543953,1.35795,nan
7086.214616188249,1.36647,nan
7088.204566936968,1.3756,nan
7090.194517685687,1.38931,nan
7092.184468434406,1.38639,nan
7094.174419183125,1.36625,nan
7096.164369931844,1.35142,nan
7098.154320680564,1.33691,nan
7100.1442714292825,1.32788,nan
7102.134222178001,1.33699,nan
7104.12417292672,1.3681,nan
7106.114123675439,1.38135,nan
7108.104074424158,1.38401,nan
7110.094025172877,1.39067,nan
7112.083975921596,1.40615,nan
7114.073926670315,1.424,nan
7116.063877419034,1.43055,nan
7118.053828167753,1.42575,nan
7120.043778916472,1.42724,nan
7122.033729665191,1.43149,nan
7124.0236804139095,1.43426,nan
7126.013631162628,1.43361,nan
7128.003581911347,1.43083,nan
7129.993532660067,1.42873,nan
7131.983483408786,1.42686,nan
7133.973434157505,1.42349,nan
7135.963384906224,1.41755,nan
7137.953335654943,1.41231,nan
7139.943286403662,1.41012,nan
7141.933237152381,1.40981,nan
7143.9231879010995,1.41099,nan
7145.913138649818,1.41142,nan
7147.903089398537,1.41808,nan
7149.893040147256,1.43569,nan
7151.882990895975,1.45337,nan
7153.872941644694,1.4558,nan
7155.862892393413,1.44226,nan
7157.852843142132,1.44764,nan
7159.842793890851,1.46676,nan
7161.832744639571,1.48292,nan
7163.8226953882895,1.49576,nan
7165.812646137008,1.50622,nan
7167.802596885727,1.51031,nan
7169.792547634446,1.50657,nan
7171.782498383165,1.50539,nan
7173.772449131884,1.50414,nan
7175.762399880603,1.50147,nan
7177.752350629322,1.49513,nan
7179.742301378041,1.4869,nan
7181.73225212676,1.48835,nan
7183.722202875479,1.50076,nan
7185.7121536241975,1.50666,nan
7187.702104372916,1.50915,nan
7189.692055121635,1.51062,nan
7191.682005870355,1.51032,nan
7193.671956619074,1.50677,nan
7195.661907367793,1.51962,nan
7197.651858116512,1.55497,nan
7199.641808865231,1.57418,nan
7201.63175961395,1.581,nan
7203.621710362669,1.57924,nan
7205.611661111388,1.56905,nan
7207.6016118601065,1.54638,nan
7209.591562608825,1.53186,nan
7211.581513357544,1.5139,nan
7213.571464106263,1.50652,nan
7215.561414854982,1.51486,nan
7217.551365603701,1.52967,nan
7219.54131635242,1.53394,nan
7221.531267101139,1.53339,nan
7223.521217849859,1.53213,nan
7225.511168598578,1.52762,nan
7227.5011193472965,1.52323,nan
7229.491070096015,1.52117,nan
7231.481020844734,1.51938,nan
7233.470971593453,1.51001,nan
7235.460922342172,1.48666,nan
7237.450873090891,1.47929,nan
7239.44082383961,1.48889,nan
7241.430774588329,1.49473,nan
7243.420725337048,1.48225,nan
7245.410676085767,1.4573,nan
7247.400626834486,1.45436,nan
7249.3905775832045,1.46882,nan
7251.380528331923,1.47826,nan
7253.370479080642,1.4869,nan
7255.360429829362,1.49373,nan
7257.350380578081,1.49612,nan
7259.3403313268,1.49477,nan
7261.330282075519,1.49273,nan
7263.320232824238,1.4928,nan
7265.310183572957,1.48406,nan
7267.300134321676,1.46029,nan
7269.2900850703945,1.43349,nan
7271.280035819113,1.42489,nan
7273.269986567832,1.43083,nan
7275.259937316551,1.43147,nan
7277.24988806527,1.43421,nan
7279.239838813989,1.4357,nan
7281.229789562708,1.43331,nan
7283.219740311427,1.42997,nan
7285.209691060146,1.4358,nan
7287.199641808866,1.45906,nan
7289.189592557585,1.46053,nan
7291.1795433063035,1.43701,nan
7293.169494055022,1.42267,nan
7295.159444803741,1.44016,nan
7297.14939555246,1.47846,nan
7299.139346301179,1.47868,nan
7301.129297049898,1.44483,nan
7303.119247798617,1.42848,nan
7305.109198547336,1.42145,nan
7307.099149296055,1.42039,nan
7309.089100044774,1.42564,nan
7311.079050793493,1.43914,nan
7313.0690015422115,1.44686,nan
7315.05895229093,1.45287,nan
7317.04890303965,1.45884,nan
7319.038853788369,1.46505,nan
7321.028804537088,1.47073,nan
7323.018755285807,1.47469,nan
7325.008706034526,1.47605,nan
7326.998656783245,1.48064,nan
7328.988607531964,1.48937,nan
7330.978558280683,1.49474,nan
7332.9685090294015,1.49608,nan
7334.95845977812,1.49413,nan
7336.948410526839,1.48703,nan
7338.938361275558,1.47212,nan
7340.928312024277,1.46054,nan
7342.918262772996,1.44477,nan
7344.908213521715,1.43562,nan
7346.898164270434,1.43913,nan
7348.888115019154,1.45164,nan
7350.878065767873,1.45967,nan
7352.8680165165915,1.4713,nan
7354.85796726531,1.47629,nan
7356.847918014029,1.47175,nan
7358.837868762748,1.46904,nan
7360.827819511467,1.47874,nan
7362.817770260186,1.49899,nan
7364.807721008905,1.50245,nan
7366.797671757624,1.49645,nan
7368.787622506343,1.48647,nan
7370.777573255062,1.46749,nan
7372.767524003781,1.44799,nan
7374.7574747525,1.44137,nan
7376.7474255012185,1.44527,nan
7378.737376249937,1.44399,nan
7380.727326998657,1.44175,nan
7382.717277747376,1.4407,nan
7384.707228496095,1.43967,nan
7386.697179244814,1.44033,nan
7388.687129993533,1.44854,nan
7390.677080742252,1.47308,nan
7392.667031490971,1.47694,nan
7394.65698223969,1.46601,nan
7396.6469329884085,1.45399,nan
7398.636883737127,1.44416,nan
7400.626834485846,1.4342,nan
7402.616785234565,1.43159,nan
7404.606735983284,1.43995,nan
7406.596686732003,1.43923,nan
7408.586637480722,1.42742,nan
7410.576588229442,1.4198,nan
7412.566538978161,1.42803,nan
7414.55648972688,1.44816,nan
7416.5464404755985,1.45875,nan
7418.536391224317,1.47045,nan
7420.526341973036,1.47311,nan
7422.516292721755,1.46078,nan
7424.506243470474,1.44819,nan
7426.496194219193,1.45486,nan
7428.486144967912,1.48189,nan
7430.476095716631,1.48038,nan
7432.46604646535,1.45239,nan
7434.455997214069,1.43657,nan
7436.445947962788,1.43933,nan
7438.4358987115065,1.4487,nan
7440.425849460225,1.44799,nan
7442.415800208945,1.44296,nan
7444.405750957664,1.43687,nan
7446.395701706383,1.42602,nan
7448.385652455102,1.41754,nan
7450.375603203821,1.41203,nan
7452.36555395254,1.40917,nan
7454.355504701259,1.41638,nan
7456.345455449978,1.4461,nan
7458.335406198697,1.44981,nan
7460.3253569474155,1.4301,nan
7462.315307696134,1.4094,nan
7464.305258444853,1.40048,nan
7466.295209193572,1.39675,nan
7468.285159942291,1.39167,nan
7470.27511069101,1.38531,nan
7472.265061439729,1.38432,nan
7474.255012188449,1.3896,nan
7476.244962937168,1.39704,nan
7478.234913685887,1.40341,nan
7480.2248644346055,1.41263,nan
7482.214815183324,1.41128,nan
7484.204765932043,1.40156,nan
7486.194716680762,1.38971,nan
7488.184667429481,1.37443,nan
7490.1746181782,1.35733,nan
7492.164568926919,1.343,nan
7494.154519675638,1.32567,nan
7496.144470424357,1.31994,nan
7498.134421173076,1.32401,nan
7500.124371921795,1.33057,nan
7502.1143226705135,1.34178,nan
7504.104273419233,1.35495,nan
7506.094224167952,1.35027,nan
7508.084174916671,1.32478,nan
7510.07412566539,1.31212,nan
7512.064076414109,1.30202,nan
7514.054027162828,1.29781,nan
7516.043977911547,1.30268,nan
7518.033928660266,1.31533,nan
7520.023879408985,1.32507,nan
7522.0138301577035,1.3463,nan
7524.003780906422,1.34623,nan
7525.993731655141,1.32233,nan
7527.98368240386,1.29293,nan
7529.973633152579,1.27414,nan
7531.963583901298,1.26,nan
7533.953534650017,1.23956,nan
7535.943485398737,1.20682,nan
7537.933436147456,1.18969,nan
7539.923386896175,1.19072,nan
7541.9133376448935,1.2013,nan
7543.9032883936125,1.21225,nan
7545.893239142331,1.23543,nan
7547.88318989105,1.23851,nan
7549.873140639769,1.23055,nan
7551.863091388488,1.21449,nan
7553.853042137207,1.18649,nan
7555.842992885926,1.1515,nan
7557.832943634645,1.13046,nan
7559.822894383364,1.11999,nan
7561.812845132083,1.10499,nan
7563.802795880802,1.08373,nan
7565.7927466295205,1.07116,nan
7567.78269737824,1.07518,nan
7569.772648126959,1.09118,nan
7571.762598875678,1.10578,nan
7573.752549624397,1.13608,nan
7575.742500373116,1.1436,nan
7577.732451121835,1.13115,nan
7579.722401870554,1.10978,nan
7581.712352619273,1.08395,nan
7583.702303367992,1.04594,nan
7585.6922541167105,1.0359,nan
7587.682204865429,1.04804,nan
7589.672155614148,1.05988,nan
7591.662106362867,1.07263,nan
7593.652057111586,1.08837,nan
7595.642007860305,1.10841,nan
7597.631958609025,1.14108,nan
7599.621909357744,1.14747,nan
7601.611860106463,1.12718,nan
7603.601810855182,1.11543,nan
7605.5917616039005,1.11799,nan
7607.581712352619,1.1269,nan
7609.571663101338,1.13421,nan
7611.561613850057,1.13364,nan
7613.551564598776,1.1561,nan
7615.541515347495,1.20752,nan
7617.531466096214,1.24915,nan
7619.521416844933,1.26419,nan
7621.511367593652,1.26404,nan
7623.501318342371,1.27201,nan
7625.49126909109,1.27152,nan
7627.481219839809,1.28842,nan
7629.471170588528,1.33056,nan
7631.461121337247,1.3667,nan
7633.451072085966,1.372,nan
7635.441022834685,1.35473,nan
7637.430973583404,1.35587,nan
7639.420924332123,1.36244,nan
7641.410875080842,1.37188,nan
7643.400825829561,1.38315,nan
7645.39077657828,1.39891,nan
7647.380727326999,1.42459,nan
7649.3706780757175,1.46874,nan
7651.360628824436,1.47898,nan
7653.350579573155,1.45883,nan
7655.340530321874,1.4455,nan
7657.330481070593,1.4411,nan
7659.320431819312,1.44122,nan
7661.310382568032,1.44793,nan
7663.300333316751,1.4666,nan
7665.29028406547,1.47581,nan
7667.280234814189,1.47559,nan
7669.2701855629075,1.48283,nan
7671.260136311626,1.50629,nan
7673.250087060345,1.53894,nan
7675.240037809064,1.55638,nan
7677.229988557783,1.56245,nan
7679.219939306502,1.57331,nan
7681.209890055221,1.58576,nan
7683.19984080394,1.59821,nan
7685.189791552659,1.61017,nan
7687.179742301378,1.62208,nan
7689.169693050097,1.6321,nan
7691.159643798816,1.64348,nan
7693.149594547535,1.64828,nan
7695.139545296254,1.64764,nan
7697.129496044973,1.64169,nan
7699.119446793692,1.62855,nan
7701.109397542411,1.60394,nan
7703.09934829113,1.59506,nan
7705.089299039849,1.59633,nan
7707.079249788568,1.59851,nan
7709.069200537287,1.6012,nan
7711.0591512860055,1.60574,nan
7713.0491020347245,1.61267,nan
7715.039052783443,1.62288,nan
7717.029003532162,1.63229,nan
7719.018954280881,1.64303,nan
7721.0089050296,1.65276,nan
7722.99885577832,1.66173,nan
7724.988806527039,1.66959,nan
7726.978757275758,1.67197,nan
7728.968708024477,1.66708,nan
7730.958658773196,1.66594,nan
7732.9486095219145,1.66836,nan
7734.938560270633,1.66791,nan
7736.928511019352,1.65955,nan
7738.918461768071,1.64516,nan
7740.90841251679,1.64075,nan
7742.898363265509,1.64304,nan
7744.888314014228,1.64508,nan
7746.878264762947,1.64604,nan
7748.868215511666,1.65022,nan
7750.858166260385,1.66176,nan
7752.848117009104,1.67964,nan
7754.838067757823,1.69829,nan
7756.828018506542,1.73022,nan
7758.817969255261,1.74453,nan
7760.80792000398,1.73478,nan
7762.797870752699,1.71611,nan
7764.787821501418,1.71061,nan
7766.777772250137,1.71067,nan
7768.767722998856,1.71011,nan
7770.757673747575,1.71154,nan
7772.747624496294,1.71307,nan
7774.7375752450125,1.71699,nan
7776.727525993731,1.72049,nan
7778.71747674245,1.71048,nan
7780.707427491169,1.68375,nan
7782.697378239888,1.66697,nan
7784.687328988608,1.64971,nan
7786.677279737327,1.63962,nan
7788.667230486046,1.64113,nan
7790.657181234765,1.65177,nan
7792.647131983484,1.66428,nan
7794.6370827322025,1.6933,nan
7796.627033480921,1.70138,nan
7798.61698422964,1.6843,nan
7800.606934978359,1.66736,nan
7802.596885727078,1.67309,nan
7804.586836475797,1.69541,nan
7806.576787224516,1.7001,nan
7808.566737973235,1.69826,nan
7810.556688721954,1.69066,nan
7812.546639470673,1.67555,nan
7814.536590219392,1.65608,nan
7816.5265409681115,1.63642,nan
7818.51649171683,1.60696,nan
7820.506442465549,1.60095,nan
7822.496393214268,1.61693,nan
7824.486343962987,1.6301,nan
7826.476294711706,1.63557,nan
7828.466245460425,1.6396,nan
7830.456196209144,1.64998,nan
7832.446146957863,1.6766,nan
7834.436097706582,1.67705,nan
7836.426048455301,1.65297,nan
7838.4159992040195,1.63168,nan
7840.405949952738,1.62381,nan
7842.395900701457,1.62234,nan
7844.385851450176,1.62332,nan
7846.375802198895,1.63907,nan
7848.365752947615,1.6354,nan
7850.355703696334,1.60874,nan
7852.345654445053,1.58382,nan
7854.335605193772,1.58117,nan
7856.325555942491,1.59504,nan
7858.3155066912095,1.58667,nan
7860.305457439928,1.56255,nan
7862.295408188647,1.54215,nan
7864.285358937366,1.51613,nan
7866.275309686085,1.49815,nan
7868.265260434804,1.51282,nan
7870.255211183523,1.56845,nan
7872.245161932242,1.57689,nan
7874.235112680961,1.54938,nan
7876.22506342968,1.53298,nan
7878.2150141783995,1.53852,nan
7880.204964927118,1.54911,nan
7882.194915675837,1.53629,nan
7884.184866424556,1.48867,nan
7886.174817173275,1.48275,nan
7888.164767921994,1.50667,nan
7890.154718670713,1.53098,nan
7892.144669419432,1.55046,nan
7894.134620168151,1.56876,nan
7896.12457091687,1.56144,nan
7898.114521665589,1.51965,nan
7900.104472414308,1.49968,nan
7902.0944231630265,1.49431,nan
7904.084373911745,1.4898,nan
7906.074324660464,1.47726,nan
7908.064275409183,1.46016,nan
7910.054226157903,1.45151,nan
7912.044176906622,1.44965,nan
7914.034127655341,1.44622,nan
7916.02407840406,1.43916,nan
7918.014029152779,1.43502,nan
7920.003979901498,1.44281,nan
7921.9939306502165,1.46634,nan
7923.983881398935,1.46561,nan
7925.973832147654,1.44145,nan
7927.963782896373,1.42807,nan
7929.953733645092,1.4305,nan
7931.943684393811,1.43868,nan
7933.93363514253,1.43934,nan
7935.923585891249,1.4355,nan
7937.913536639968,1.43545,nan
7939.903487388687,1.43999,nan
7941.8934381374065,1.44031,nan
7943.883388886125,1.43262,nan
7945.873339634844,1.42024,nan
7947.863290383563,1.41227,nan
7949.853241132282,1.39802,nan
7951.843191881001,1.40099,nan
7953.83314262972,1.42509,nan
7955.823093378439,1.4467,nan
7957.813044127158,1.45191,nan
7959.802994875877,1.44774,nan
7961.792945624596,1.44549,nan
7963.7828963733145,1.44243,nan
7965.772847122033,1.43503,nan
7967.762797870752,1.42165,nan
7969.752748619471,1.40699,nan
7971.742699368191,1.3959,nan
7973.73265011691,1.38669,nan
7975.722600865629,1.3761,nan
7977.712551614348,1.36152,nan
7979.702502363067,1.35351,nan
7981.692453111786,1.35398,nan
7983.682403860505,1.35856,nan
7985.6723546092235,1.36148,nan
7987.662305357942,1.37064,nan
7989.652256106661,1.36486,nan
7991.64220685538,1.34254,nan
7993.632157604099,1.32563,nan
7995.622108352818,1.31909,nan
7997.612059101537,1.31812,nan
7999.602009850256,1.31931,nan
8001.591960598975,1.32706,nan
8003.581911347695,1.33125,nan
8005.5718620964135,1.33571,nan
8007.561812845132,1.33772,nan
8009.551763593851,1.33464,nan
8011.54171434257,1.32751,nan
8013.531665091289,1.32719,nan
8015.521615840008,1.33721,nan
8017.511566588727,1.33491,nan
8019.501517337446,1.31926,nan
8021.491468086165,1.30166,nan
8023.481418834884,1.29119,nan
8025.471369583603,1.28312,nan
8027.4613203323215,1.27961,nan
8029.45127108104,1.28583,nan
8031.441221829759,1.28456,nan
8033.431172578478,1.27099,nan
8035.421123327198,1.25652,nan
8037.411074075917,1.25853,nan
8039.401024824636,1.27802,nan
8041.390975573355,1.28067,nan
8043.380926322074,1.27448,nan
8045.370877070793,1.26698,nan
8047.3608278195115,1.2572,nan
8049.35077856823,1.24657,nan
8051.340729316949,1.24479,nan
8053.330680065668,1.25361,nan
8055.320630814387,1.25509,nan
8057.310581563106,1.25637,nan
8059.300532311825,1.25242,nan
8061.290483060544,1.23888,nan
8063.280433809263,1.21814,nan
8065.270384557983,1.20738,nan
8067.260335306702,1.20266,nan
8069.2502860554205,1.1972,nan
8071.240236804139,1.19055,nan
8073.230187552858,1.18686,nan
8075.220138301577,1.19044,nan
8077.210089050296,1.20131,nan
8079.200039799015,1.20281,nan
8081.189990547734,1.19919,nan
8083.179941296453,1.19437,nan
8085.169892045172,1.18513,nan
8087.159842793891,1.17681,nan
8089.14979354261,1.17888,nan
8091.1397442913285,1.19405,nan
8093.129695040047,1.19192,nan
8095.119645788766,1.17526,nan
8097.109596537486,1.16314,nan
8099.099547286205,1.15832,nan
8101.089498034924,1.15674,nan
8103.079448783643,1.15478,nan
8105.069399532362,1.14849,nan
8107.059350281081,1.15559,nan
8109.0493010298,1.18447,nan
8111.0392517785185,1.19986,nan
8113.029202527237,1.18452,nan
8115.019153275956,1.1505,nan
8117.009104024675,1.13508,nan
8118.999054773394,1.12786,nan
8120.989005522113,1.11911,nan
8122.978956270832,1.10577,nan
8124.968907019551,1.1,nan
8126.95885776827,1.11514,nan
8128.94880851699,1.15059,nan
8130.9387592657085,1.14703,nan
8132.928710014427,1.1024,nan
8134.918660763146,1.08311,nan
8136.908611511865,1.09134,nan
8138.898562260584,1.10512,nan
8140.888513009303,1.10331,nan
8142.878463758022,1.096,nan
8144.868414506741,1.07999,nan
8146.85836525546,1.04813,nan
8148.848316004179,1.02346,nan
8150.838266752898,1.00597,nan
8152.828217501617,0.994694,nan
8154.8181682503355,0.995289,nan
8156.808118999054,1.02009,nan
8158.798069747773,1.01789,nan
8160.788020496493,0.99914,nan
8162.777971245212,0.977456,nan
8164.767921993931,0.953228,nan
8166.75787274265,0.926532,nan
8168.747823491369,0.917158,nan
8170.737774240088,0.932853,nan
8172.727724988807,0.925649,nan
8174.7176757375255,0.898396,nan
8176.707626486244,0.872195,nan
8178.697577234963,0.861459,nan
8180.687527983682,0.860534,nan
8182.677478732401,0.841796,nan
8184.66742948112,0.803179,nan
8186.657380229839,0.779766,nan
8188.647330978558,0.769486,nan
8190.637281727278,0.765303,nan
8192.627232475996,0.763685,nan
8194.617183224715,0.771791,nan
8196.607133973434,0.759537,nan
8198.597084722152,0.72438,nan
8200.587035470871,0.701565,nan
8202.57698621959,0.696584,nan
8204.56693696831,0.697212,nan
8206.55688771703,0.68628,nan
8208.546838465749,0.665924,nan
8210.536789214468,0.654295,nan
8212.526739963187,0.648346,nan
8214.516690711906,0.641267,nan
8216.506641460624,0.631351,nan
8218.496592209343,0.620161,nan
8220.486542958062,0.609031,nan
8222.476493706781,0.598319,nan
8224.4664444555,0.585266,nan
8226.456395204219,0.568265,nan
8228.446345952938,0.552995,nan
8230.436296701657,0.541809,nan
8232.426247450376,0.533078,nan
8234.416198199095,0.530855,nan
8236.406148947814,0.543553,nan
8238.396099696532,0.540995,nan
8240.386050445251,0.519116,nan
8242.37600119397,0.49818,nan
8244.36595194269,0.498743,nan
8246.355902691408,0.51833,nan
8248.345853440127,0.511907,nan
8250.335804188846,0.485857,nan
8252.325754937565,0.464625,nan
8254.315705686284,0.444412,nan
8256.305656435003,0.428654,nan
8258.295607183722,0.428598,nan
8260.28555793244,0.44323,nan
8262.27550868116,0.457746,nan
8264.265459429878,0.482782,nan
8266.255410178597,0.502008,nan
8268.245360927318,0.511625,nan
8270.235311676037,0.515831,nan
8272.225262424756,0.52002,nan
8274.215213173475,0.519696,nan
8276.205163922194,0.522865,nan
8278.195114670913,0.528768,nan
8280.185065419631,0.533717,nan
8282.17501616835,0.535277,nan
8284.16496691707,0.534739,nan
8286.154917665788,0.539004,nan
8288.144868414507,0.550791,nan
8290.134819163226,0.554063,nan
8292.124769911945,0.548112,nan
8294.114720660664,0.541576,nan
8296.104671409383,0.540834,nan
8298.094622158102,0.542475,nan
8300.08457290682,0.548289,nan
8302.07452365554,0.567421,nan
8304.064474404258,0.571225,nan
8306.054425152977,0.551795,nan
8308.044375901696,0.529356,nan
8310.034326650415,0.532025,nan
8312.024277399134,0.555032,nan
8314.014228147853,0.56687,nan
8316.004178896572,0.577954,nan
8317.99412964529,0.58699,nan
8319.98408039401,0.592776,nan
8321.974031142729,0.596958,nan
8323.963981891447,0.604177,nan
8325.953932640166,0.615384,nan
8327.943883388885,0.621509,nan
8329.933834137604,0.622935,nan
8331.923784886325,0.625519,nan
8333.913735635044,0.630528,nan
8335.903686383763,0.637035,nan
8337.893637132482,0.650678,nan
8339.8835878812,0.677233,nan
8341.87353862992,0.69217,nan
8343.863489378638,0.696196,nan
8345.853440127357,0.699946,nan
8347.843390876076,0.711367,nan
8349.833341624795,0.727737,nan
8351.823292373514,0.73724,nan
8353.813243122233,0.743221,nan
8355.803193870952,0.747581,nan
8357.79314461967,0.747705,nan
8359.78309536839,0.748258,nan
8361.773046117109,0.756043,nan
8363.762996865828,0.769948,nan
8365.752947614546,0.781086,nan
8367.742898363265,0.796356,nan
8369.732849111984,0.804395,nan
8371.722799860703,0.801298,nan
8373.712750609422,0.793282,nan
8375.702701358141,0.792706,nan
8377.69265210686,0.795184,nan
8379.682602855579,0.798965,nan
8381.672553604298,0.808112,nan
8383.662504353017,0.813459,nan
8385.652455101736,0.810629,nan
8387.642405850454,0.803022,nan
8389.632356599173,0.801254,nan
8391.622307347892,0.801991,nan
8393.612258096613,0.803528,nan
8395.602208845332,0.806094,nan
8397.59215959405,0.810097,nan
8399.58211034277,0.81676,nan
8401.572061091489,0.826388,nan
8403.562011840208,0.828628,nan
8405.551962588926,0.820351,nan
8407.541913337645,0.821692,nan
8409.531864086364,0.829714,nan
8411.521814835083,0.844355,nan
8413.511765583802,0.86956,nan
8415.501716332521,0.912644,nan
8417.49166708124,0.926157,nan
8419.481617829959,0.913326,nan
8421.471568578678,0.908626,nan
8423.461519327397,0.910924,nan
8425.451470076116,0.919696,nan
8427.441420824834,0.943983,nan
8429.431371573553,0.991233,nan
8431.421322322272,1.02097,nan
8433.411273070991,1.04465,nan
8435.40122381971,1.06494,nan
8437.391174568429,1.08109,nan
8439.381125317148,1.09399,nan
8441.371076065867,1.11164,nan
8443.361026814586,1.1323,nan
8445.350977563305,1.15203,nan
8447.340928312024,1.17539,nan
8449.330879060743,1.1938,nan
8451.320829809461,1.20038,nan
8453.31078055818,1.19764,nan
8455.300731306901,1.20628,nan
8457.29068205562,1.22048,nan
8459.280632804339,1.23609,nan
8461.270583553058,1.2561,nan
8463.260534301777,1.27565,nan
8465.250485050496,1.28877,nan
8467.240435799215,1.29573,nan
8469.230386547933,1.31139,nan
8471.220337296652,1.33284,nan
8473.210288045371,1.35445,nan
8475.20023879409,1.37714,nan
8477.19018954281,1.39996,nan
8479.180140291528,1.41971,nan
8481.170091040247,1.43516,nan
8483.160041788966,1.4563,nan
8485.149992537685,1.48948,nan
8487.139943286404,1.50922,nan
8489.129894035123,1.5038,nan
8491.119844783841,1.4861,nan
8493.10979553256,1.49198,nan
8495.09974628128,1.50812,nan
8497.089697029998,1.53376,nan
8499.079647778717,1.5782,nan
8501.069598527436,1.61896,nan
8503.059549276155,1.6438,nan
8505.049500024874,1.65945,nan
8507.039450773593,1.68293,nan
8509.029401522312,1.70737,nan
8511.01935227103,1.73551,nan
8513.00930301975,1.77246,nan
8514.999253768468,1.80587,nan
8516.989204517187,1.82311,nan
8518.979155265908,1.82616,nan
8520.969106014627,1.8432,nan
8522.959056763346,1.8699,nan
8524.949007512065,1.89159,nan
8526.938958260784,1.91024,nan
8528.928909009503,1.92469,nan
8530.918859758222,1.93034,nan
8532.90881050694,1.92636,nan
8534.89876125566,1.92444,nan
8536.888712004378,1.91713,nan
8538.878662753097,1.91478,nan
8540.868613501816,1.91923,nan
8542.858564250535,1.92821,nan
8544.848514999254,1.93975,nan
8546.838465747973,1.95712,nan
8548.828416496692,1.97203,nan
8550.81836724541,1.98696,nan
8552.80831799413,2.00167,nan
8554.798268742848,2.01468,nan
8556.788219491567,2.02676,nan
8558.778170240286,2.04795,nan
8560.768120989005,2.08219,nan
8562.758071737724,2.1059,nan
8564.748022486443,2.12142,nan
8566.737973235162,2.13469,nan
8568.72792398388,2.14922,nan
8570.7178747326,2.1628,nan
8572.707825481319,2.17874,nan
8574.697776230038,2.19951,nan
8576.687726978756,2.21446,nan
8578.677677727475,2.22425,nan
8580.667628476196,2.22997,nan
8582.657579224915,2.23155,nan
8584.647529973634,2.22738,nan
8586.637480722353,2.22491,nan
8588.627431471072,2.2185,nan
8590.61738221979,2.21728,nan
8592.60733296851,2.22108,nan
8594.597283717228,2.23001,nan
8596.587234465947,2.24828,nan
8598.577185214666,2.28807,nan
8600.567135963385,2.3029,nan
8602.557086712104,2.30167,nan
8604.547037460823,2.29777,nan
8606.536988209542,2.29489,nan
8608.52693895826,2.29039,nan
8610.51688970698,2.28783,nan
8612.506840455699,2.28931,nan
8614.496791204418,2.28412,nan
8616.486741953137,2.27171,nan
8618.476692701855,2.25912,nan
8620.466643450574,2.24984,nan
8622.456594199293,2.24108,nan
8624.446544948012,2.24204,nan
8626.436495696731,2.2569,nan
8628.42644644545,2.26369,nan
8630.416397194169,2.265,nan
8632.406347942888,2.26173,nan
8634.396298691607,2.25268,nan
8636.386249440326,2.23709,nan
8638.376200189045,2.22151,nan
8640.366150937763,2.18972,nan
8642.356101686482,2.18163,nan
8644.346052435203,2.20858,nan
8646.336003183922,2.25048,nan
8648.325953932641,2.27181,nan
8650.31590468136,2.2864,nan
8652.305855430079,2.29575,nan
8654.295806178798,2.29773,nan
8656.285756927517,2.29674,nan
8658.275707676235,2.29399,nan
8660.265658424954,2.2885,nan
8662.255609173673,2.27976,nan
8664.245559922392,2.26415,nan
8666.235510671111,2.25385,nan
8668.22546141983,2.24797,nan
8670.215412168549,2.24144,nan
8672.205362917268,2.23124,nan
8674.195313665987,2.21883,nan
8676.185264414706,2.20729,nan
8678.175215163425,2.19985,nan
8680.165165912143,2.18343,nan
8682.155116660862,2.14838,nan
8684.145067409581,2.11929,nan
8686.1350181583,2.12491,nan
8688.12496890702,2.16334,nan
8690.114919655738,2.17063,nan
8692.104870404457,2.15888,nan
8694.094821153176,2.15313,nan
8696.084771901895,2.15676,nan
8698.074722650614,2.16159,nan
8700.064673399333,2.15646,nan
8702.054624148052,2.13831,nan
8704.04457489677,2.13611,nan
8706.034525645491,2.14271,nan
8708.02447639421,2.15319,nan
8710.014427142929,2.16948,nan
8712.004377891648,2.18924,nan
8713.994328640367,2.197,nan
8715.984279389086,2.19859,nan
8717.974230137805,2.19399,nan
8719.964180886524,2.18467,nan
8721.954131635242,2.16708,nan
8723.944082383961,2.1366,nan
8725.93403313268,2.09467,nan
8727.9239838814,2.06575,nan
8729.913934630118,2.0404,nan
8731.903885378837,2.02134,nan
8733.893836127556,2.00867,nan
8735.883786876275,2.00108,nan
8737.873737624994,1.99967,nan
8739.863688373713,2.0092,nan
8741.853639122432,1.99608,nan
8743.84358987115,1.96059,nan
8745.83354061987,1.93414,nan
8747.823491368588,1.91362,nan
8749.813442117307,1.89998,nan
8751.803392866026,1.901,nan
8753.793343614745,1.91767,nan
8755.783294363464,1.93255,nan
8757.773245112183,1.96712,nan
8759.763195860902,1.97777,nan
8761.75314660962,1.94696,nan
8763.74309735834,1.89586,nan
8765.733048107058,1.87645,nan
8767.72299885578,1.87511,nan
8769.712949604498,1.87139,nan
8771.702900353217,1.87183,nan
8773.692851101936,1.87458,nan
8775.682801850655,1.88677,nan
8777.672752599374,1.90559,nan
8779.662703348093,1.87111,nan
8781.652654096812,1.76475,nan
8783.64260484553,1.71075,nan
8785.63255559425,1.69641,nan
8787.622506342968,1.69376,nan
8789.612457091687,1.68555,nan
8791.602407840406,1.68143,nan
8793.592358589125,1.67366,nan
8795.582309337844,1.66756,nan
8797.572260086563,1.6551,nan
8799.562210835282,1.63034,nan
8801.552161584,1.60617,nan
8803.54211233272,1.60206,nan
8805.532063081439,1.61838,nan
8807.522013830157,1.61644,nan
8809.511964578876,1.60582,nan
8811.501915327595,1.59393,nan
8813.491866076314,1.57788,nan
8815.481816825033,1.56176,nan
8817.471767573752,1.56167,nan
8819.461718322471,1.59261,nan
8821.45166907119,1.5842,nan
8823.441619819909,1.5354,nan
8825.431570568628,1.50297,nan
8827.421521317347,1.51839,nan
8829.411472066065,1.56028,nan
8831.401422814786,1.54616,nan
8833.391373563505,1.48941,nan
8835.381324312224,1.44164,nan
8837.371275060943,1.37563,nan
8839.361225809662,1.32766,nan
8841.35117655838,1.33279,nan
8843.3411273071,1.38362,nan
8845.331078055819,1.38225,nan
8847.321028804537,1.344,nan
8849.310979553256,1.32209,nan
8851.300930301975,1.31128,nan
8853.290881050694,1.30829,nan
8855.280831799413,1.31696,nan
8857.270782548132,1.34797,nan
8859.260733296851,1.34154,nan
8861.25068404557,1.29597,nan
8863.240634794289,1.26992,nan
8865.230585543008,1.2731,nan
8867.220536291727,1.28843,nan
8869.210487040446,1.29291,nan
8871.200437789164,1.30542,nan
8873.190388537883,1.29212,nan
8875.180339286602,1.24283,nan
8877.170290035321,1.21112,nan
8879.16024078404,1.21873,nan
8881.150191532759,1.2483,nan
8883.140142281478,1.25853,nan
8885.130093030197,1.27197,nan
8887.120043778916,1.26495,nan
8889.109994527635,1.23233,nan
8891.099945276354,1.19989,nan
8893.089896025074,1.18124,nan
8895.079846773793,1.16771,nan
8897.069797522512,1.17292,nan
8899.059748271231,1.20434,nan
8901.04969901995,1.22516,nan
8903.039649768669,1.23581,nan
8905.029600517388,1.24696,nan
8907.019551266107,1.27031,nan
8909.009502014826,1.30974,nan
8910.999452763544,1.31582,nan
8912.989403512263,1.29979,nan
8914.979354260982,1.27538,nan
8916.969305009701,1.23371,nan
8918.95925575842,1.18844,nan
8920.949206507139,1.17345,nan
8922.939157255858,1.18915,nan
8924.929108004577,1.1831,nan
8926.919058753296,1.16361,nan
8928.909009502015,1.15156,nan
8930.898960250734,1.15528,nan
8932.888910999452,1.16687,nan
8934.878861748171,1.16633,nan
8936.86881249689,1.15819,nan
8938.85876324561,1.15186,nan
8940.848713994328,1.14462,nan
8942.838664743047,1.13715,nan
8944.828615491766,1.12865,nan
8946.818566240485,1.11887,nan
8948.808516989204,1.11886,nan
8950.798467737923,1.12612,nan
8952.788418486642,1.13648,nan
8954.778369235362,1.15027,nan
8956.768319984081,1.16834,nan
8958.7582707328,1.19551,nan
8960.748221481519,1.24084,nan
8962.738172230238,1.23599,nan
8964.728122978957,1.17706,nan
8966.718073727676,1.14033,nan
8968.708024476395,1.12819,nan
8970.697975225114,1.12665,nan
8972.687925973833,1.12546,nan
8974.677876722551,1.13243,nan
8976.66782747127,1.13352,nan
8978.65777821999,1.13189,nan
8980.647728968708,1.13085,nan
8982.637679717427,1.13471,nan
8984.627630466146,1.13834,nan
8986.617581214865,1.1231,nan
8988.607531963584,1.08449,nan
8990.597482712303,1.06026,nan
8992.587433461022,1.04377,nan
8994.57738420974,1.02554,nan
8996.56733495846,0.996654,nan
8998.557285707178,0.961122,nan
9000.547236455897,0.95821,nan
9002.537187204616,0.997178,nan
9004.527137953335,1.00627,nan
9006.517088702054,0.986528,nan
9008.507039450773,0.966615,nan
9010.496990199492,0.971225,nan
9012.48694094821,0.994937,nan
9014.47689169693,0.990882,nan
9016.466842445649,0.95679,nan
9018.45679319437,0.945033,nan
9020.446743943088,0.960162,nan
9022.436694691807,0.984257,nan
9024.426645440526,0.997434,nan
9026.416596189245,1.01214,nan
9028.406546937964,1.01151,nan
9030.396497686683,0.992887,nan
9032.386448435402,0.978244,nan
9034.37639918412,0.970603,nan
9036.36634993284,0.966112,nan
9038.356300681558,0.963536,nan
9040.346251430277,0.966936,nan
9042.336202178996,0.964499,nan
9044.326152927715,0.95692,nan
9046.316103676434,0.951251,nan
9048.306054425153,0.950844,nan
9050.296005173872,0.953531,nan
9052.28595592259,0.953662,nan
9054.27590667131,0.949214,nan
9056.265857420029,0.952878,nan
9058.255808168748,0.960909,nan
9060.245758917466,0.975604,nan
9062.235709666185,1.00468,nan
9064.225660414904,1.05235,nan
9066.215611163623,1.05098,nan
9068.205561912342,0.990162,nan
9070.195512661061,0.968591,nan
9072.18546340978,0.991478,nan
9074.175414158499,1.02542,nan
9076.165364907218,1.03659,nan
9078.155315655937,1.04251,nan
9080.145266404657,1.03076,nan
9082.135217153376,0.981283,nan
9084.125167902095,0.961235,nan
9086.115118650814,0.987944,nan
9088.105069399533,1.0341,nan
9090.095020148252,1.05094,nan
9092.08497089697,1.05013,nan
9094.07492164569,1.05742,nan
9096.064872394409,1.06649,nan
9098.054823143128,1.07347,nan
9100.044773891846,1.07703,nan
9102.034724640565,1.07817,nan
9104.024675389284,1.07821,nan
9106.014626138003,1.06753,nan
9108.004576886722,1.0751,nan
9109.994527635441,1.10385,nan
9111.98447838416,1.131,nan
9113.974429132879,1.14247,nan
9115.964379881598,1.14562,nan
9117.954330630317,1.14296,nan
9119.944281379036,1.12953,nan
9121.934232127755,1.11773,nan
9123.924182876473,1.09896,nan
9125.914133625192,1.08711,nan
9127.904084373911,1.10068,nan
9129.89403512263,1.13525,nan
9131.883985871349,1.17048,nan
9133.873936620068,1.23196,nan
9135.863887368787,1.26566,nan
9137.853838117506,1.26002,nan
9139.843788866225,1.23705,nan
9141.833739614945,1.23185,nan
9143.823690363664,1.23793,nan
9145.813641112383,1.22769,nan
9147.803591861102,1.19738,nan
9149.793542609821,1.17926,nan
9151.78349335854,1.18491,nan
9153.773444107259,1.2042,nan
9155.763394855978,1.21604,nan
9157.753345604697,1.23774,nan
9159.743296353416,1.23884,nan
9161.733247102135,1.21824,nan
9163.723197850853,1.19715,nan
9165.713148599572,1.18748,nan
9167.703099348291,1.18298,nan
9169.69305009701,1.17651,nan
9171.68300084573,1.16272,nan
9173.672951594448,1.16543,nan
9175.662902343167,1.19305,nan
9177.652853091886,1.21946,nan
9179.642803840605,1.21834,nan
9181.632754589324,1.19911,nan
9183.622705338043,1.17843,nan
9185.612656086761,1.13242,nan
9187.60260683548,1.11418,nan
9189.5925575842,1.13865,nan
9191.582508332918,1.1743,nan
9193.572459081637,1.16996,nan
9195.562409830356,1.12825,nan
9197.552360579075,1.12033,nan
9199.542311327794,1.12537,nan
9201.532262076513,1.13997,nan
9203.522212825232,1.16915,nan
9205.512163573952,1.20697,nan
9207.502114322671,1.22413,nan
9209.49206507139,1.22816,nan
9211.48201582011,1.2305,nan
9213.471966568828,1.22894,nan
9215.461917317547,1.22131,nan
9217.451868066266,1.20313,nan
9219.441818814985,1.17572,nan
9221.431769563704,1.16819,nan
9223.421720312423,1.17892,nan
9225.411671061142,1.18133,nan
9227.40162180986,1.17997,nan
9229.39157255858,1.17578,nan
9231.381523307298,1.16738,nan
9233.371474056017,1.15319,nan
9235.361424804736,1.1479,nan
9237.351375553455,1.14847,nan
9239.341326302174,1.14957,nan
9241.331277050893,1.15505,nan
9243.321227799612,1.15878,nan
9245.31117854833,1.14917,nan
9247.30112929705,1.12735,nan
9249.291080045768,1.10895,nan
9251.281030794487,1.08526,nan
9253.270981543206,1.06667,nan
9255.260932291925,1.05177,nan
9257.250883040644,1.04261,nan
9259.240833789363,1.05278,nan
9261.230784538082,1.08692,nan
9263.2207352868,1.11261,nan
9265.21068603552,1.13848,nan
9267.20063678424,1.16626,nan
9269.19058753296,1.20776,nan
9271.180538281678,1.25725,nan
9273.170489030397,1.23245,nan
9275.160439779116,1.11279,nan
9277.150390527835,1.05423,nan
9279.140341276554,1.03585,nan
9281.130292025273,1.03188,nan
9283.120242773992,1.02888,nan
9285.11019352271,1.03579,nan
9287.10014427143,1.03584,nan
9289.090095020149,1.02507,nan
9291.080045768867,1.0318,nan
9293.069996517586,1.05904,nan
9295.059947266305,1.0949,nan
9297.049898015024,1.12915,nan
9299.039848763743,1.18696,nan
9301.029799512462,1.17524,nan
9303.01975026118,1.06676,nan
9305.0097010099,1.01938,nan
9306.999651758619,1.08482,nan
9308.989602507338,1.1872,nan
9310.979553256057,1.17208,nan
9312.969504004775,1.04098,nan
9314.959454753494,0.990262,nan
9316.949405502213,0.961861,nan
9318.939356250932,0.952278,nan
9320.929306999651,0.961703,nan
9322.91925774837,0.989965,nan
9324.909208497089,1.02815,nan
9326.899159245808,1.10676,nan
9328.889109994529,1.1395,nan
9330.879060743247,1.12915,nan
9332.869011491966,1.11477,nan
9334.858962240685,1.1223,nan
9336.848912989404,1.14008,nan
9338.838863738123,1.1489,nan
9340.828814486842,1.16623,nan
9342.818765235561,1.15931,nan
9344.80871598428,1.11502,nan
9346.798666732999,1.06856,nan
9348.788617481718,1.07228,nan
9350.778568230437,1.15471,nan
9352.768518979155,1.14924,nan
9354.758469727874,1.14378,nan
9356.748420476593,1.13832,nan
9358.738371225312,1.13287,nan
9360.728321974031,1.12742,nan
9362.71827272275,1.12197,nan
9364.708223471469,1.11653,nan
9366.698174220188,1.11109,nan
9368.688124968907,1.10566,nan
9370.678075717626,1.10023,nan
9372.668026466345,1.09481,nan
9374.657977215064,1.09435,nan
9376.647927963782,1.12363,nan
9378.637878712501,1.00616,nan
9380.62782946122,0.993907,nan
9382.61778020994,1.06642,nan
9384.607730958658,1.12486,nan
9386.597681707377,1.10372,nan
9388.587632456096,1.02972,nan
9390.577583204815,1.02145,nan
9392.567533953536,1.05925,nan
9394.557484702254,1.07895,nan
9396.547435450973,1.09719,nan
9398.537386199692,1.10034,nan
9400.527336948411,1.06272,nan
9402.51728769713,0.975044,nan
9404.507238445849,0.953434,nan
9406.497189194568,0.980793,nan
9408.487139943287,0.997937,nan
9410.477090692006,0.998396,nan
9412.467041440725,0.998369,nan
9414.456992189444,1.01785,nan
9416.446942938162,1.06443,nan
9418.436893686881,1.07895,nan
9420.4268444356,1.06944,nan
9422.41679518432,1.06327,nan
9424.406745933038,1.0727,nan
9426.396696681757,1.08548,nan
9428.386647430476,1.06669,nan
9430.376598179195,1.00339,nan
9432.366548927914,0.97972,nan
9434.356499676633,0.985789,nan
9436.346450425352,0.991516,nan
9438.33640117407,0.980154,nan
9440.32635192279,0.960276,nan
9442.316302671508,0.954465,nan
9444.306253420227,0.943681,nan
9446.296204168946,0.962189,nan
9448.286154917665,1.02277,nan
9450.276105666384,1.08455,nan
9452.266056415103,1.11209,nan
9454.256007163824,1.12548,nan
9456.245957912543,1.10527,nan
9458.235908661261,1.02469,nan
9460.22585940998,0.980166,nan
9462.2158101587,0.975952,nan
9464.205760907418,0.990923,nan
9466.195711656137,1.00646,nan
9468.185662404856,1.03871,nan
9470.175613153575,1.05403,nan
9472.165563902294,1.06608,nan
9474.155514651013,1.06632,nan
9476.145465399732,1.04719,nan
9478.13541614845,1.01791,nan
9480.12536689717,1.00856,nan
9482.115317645888,1.0083,nan
9484.105268394607,1.01507,nan
9486.095219143326,1.03471,nan
9488.085169892045,1.05406,nan
9490.075120640764,1.07133,nan
9492.065071389483,1.08858,nan
9494.055022138202,1.07765,nan
9496.04497288692,1.02769,nan
9498.03492363564,1.00353,nan
9500.024874384359,0.999305,nan
9502.014825133077,0.999245,nan
9504.004775881796,0.995537,nan
9505.994726630515,0.996868,nan
9507.984677379234,0.968568,nan
9509.974628127953,0.890907,nan
9511.964578876672,0.856027,nan
9513.954529625391,0.868814,nan
9515.94448037411,0.902241,nan
9517.93443112283,0.929937,nan
9519.92438187155,0.975971,nan
9521.914332620268,0.984906,nan
9523.904283368987,0.951254,nan
9525.894234117706,0.938591,nan
9527.884184866425,0.964801,nan
9529.874135615144,1.00529,nan
9531.864086363863,1.01329,nan
9533.854037112582,0.983057,nan
9535.8439878613,0.993548,nan
9537.83393861002,1.04482,nan
9539.823889358739,1.07675,nan
9541.813840107458,1.05773,nan
9543.803790856176,1.00877,nan
9545.793741604895,1.00289,nan
9547.783692353614,1.02075,nan
9549.773643102333,1.04059,nan
9551.763593851052,1.07992,nan
9553.753544599771,1.10948,nan
9555.74349534849,1.10465,nan
9557.733446097209,1.07374,nan
9559.723396845928,1.05563,nan
9561.713347594647,1.0418,nan
9563.703298343366,1.01855,nan
9565.693249092084,0.980698,nan
9567.683199840803,0.941877,nan
9569.673150589522,0.917977,nan
9571.663101338241,0.898635,nan
9573.65305208696,0.899641,nan
9575.643002835679,0.931758,nan
9577.632953584398,0.950585,nan
9579.622904333119,0.940524,nan
9581.612855081838,0.926637,nan
9583.602805830556,0.959525,nan
9585.592756579275,1.0704,nan
9587.582707327994,1.08251,nan
9589.572658076713,1.00476,nan
9591.562608825432,0.954117,nan
9593.552559574151,0.979699,nan
9595.54251032287,1.04317,nan
9597.532461071589,1.04922,nan
9599.522411820308,1.02439,nan
9601.512362569027,0.995096,nan
9603.502313317746,0.941227,nan
9605.492264066464,0.895421,nan
9607.482214815183,0.880696,nan
9609.472165563902,0.886933,nan
9611.462116312621,0.887414,nan
9613.45206706134,0.884712,nan
9615.442017810059,0.898621,nan
9617.431968558778,0.937132,nan
9619.421919307497,0.97777,nan
9621.411870056216,0.996265,nan
9623.401820804935,1.00321,nan
9625.391771553654,1.00111,nan
9627.381722302373,0.981382,nan
9629.371673051091,0.966202,nan
9631.36162379981,0.956154,nan
9633.35157454853,0.948684,nan
9635.341525297248,0.944425,nan
9637.331476045967,0.946795,nan
9639.321426794686,0.942348,nan
9641.311377543407,0.928383,nan
9643.301328292126,0.923024,nan
9645.291279040845,0.936279,nan
9647.281229789563,0.958616,nan
9649.271180538282,0.957513,nan
9651.261131287001,0.936229,nan
9653.25108203572,0.923209,nan
9655.241032784439,0.909101,nan
9657.230983533158,0.898858,nan
9659.220934281877,0.898287,nan
9661.210885030596,0.90579,nan
9663.200835779315,0.895202,nan
9665.190786528034,0.857592,nan
9667.180737276753,0.848051,nan
9669.170688025471,0.866549,nan
9671.16063877419,0.893066,nan
9673.15058952291,0.910403,nan
9675.140540271628,0.925044,nan
9677.130491020347,0.946528,nan
9679.120441769066,0.993962,nan
9681.110392517785,1.00314,nan
9683.100343266504,0.9572,nan
9685.090294015223,0.893384,nan
9687.080244763942,0.868813,nan
9689.07019551266,0.863284,nan
9691.06014626138,0.863116,nan
9693.050097010098,0.8769,nan
9695.040047758817,0.89289,nan
9697.029998507536,0.913336,nan
9699.019949256255,0.935137,nan
9701.009900004974,0.936286,nan
9702.999850753693,0.9086,nan
9704.989801502414,0.905832,nan
9706.979752251133,0.922038,nan
9708.969702999852,0.935378,nan
9710.95965374857,0.930951,nan
9712.94960449729,0.916067,nan
9714.939555246008,0.934355,nan
9716.929505994727,1.00957,nan
9718.919456743446,1.02059,nan
9720.909407492165,0.971653,nan
9722.899358240884,0.904668,nan
9724.889308989603,0.845513,nan
9726.879259738322,0.77108,nan
9728.86921048704,0.752469,nan
9730.85916123576,0.784351,nan
9732.849111984478,0.813158,nan
9734.839062733197,0.846473,nan
9736.829013481916,0.879501,nan
9738.818964230635,0.895226,nan
9740.808914979354,0.894541,nan
9742.798865728073,0.904228,nan
9744.788816476792,0.907562,nan
9746.77876722551,0.927298,nan
9748.76871797423,0.988323,nan
9750.758668722949,1.05766,nan
9752.748619471668,1.03512,nan
9754.738570220386,0.884908,nan
9756.728520969105,0.851892,nan
9758.718471717824,0.891943,nan
9760.708422466543,0.93607,nan
9762.698373215262,0.963814,nan
9764.688323963981,0.989358,nan
9766.678274712702,0.97706,nan
9768.66822546142,0.913649,nan
9770.65817621014,0.880699,nan
9772.648126958858,0.863056,nan
9774.638077707577,0.855843,nan
9776.628028456296,0.856749,nan
9778.617979205015,0.865209,nan
9780.607929953734,0.895069,nan
9782.597880702453,0.969603,nan
9784.587831451172,1.00587,nan
9786.57778219989,0.998398,nan
9788.56773294861,0.976657,nan
9790.557683697329,0.97143,nan
9792.547634446048,0.966712,nan
9794.537585194767,0.974211,nan
9796.527535943485,1.00994,nan
9798.517486692204,1.01886,nan
9800.507437440923,0.987689,nan
9802.497388189642,0.9369,nan
9804.487338938361,0.901409,nan
9806.47728968708,0.837243,nan
9808.467240435799,0.846405,nan
9810.457191184518,0.936653,nan
9812.447141933237,1.00795,nan
9814.437092681956,1.02364,nan
9816.427043430675,1.01051,nan
9818.416994179393,1.00429,nan
9820.406944928112,0.982352,nan
9822.396895676831,0.97538,nan
9824.38684642555,0.984096,nan
9826.376797174269,0.990232,nan
9828.36674792299,0.98144,nan
9830.356698671709,0.96307,nan
9832.346649420428,0.947576,nan
9834.336600169147,0.923567,nan
9836.326550917865,0.912555,nan
9838.316501666584,0.910325,nan
9840.306452415303,0.919265,nan
9842.296403164022,0.947239,nan
9844.286353912741,1.00344,nan
9846.27630466146,1.02348,nan
9848.266255410179,1.02505,nan
9850.256206158898,1.01683,nan
9852.246156907617,0.993707,nan
9854.236107656336,0.963387,nan
9856.226058405055,0.946388,nan
9858.216009153773,0.925398,nan
9860.205959902492,0.9328,nan
9862.195910651211,0.968433,nan
9864.18586139993,1.00651,nan
9866.17581214865,1.04591,nan
9868.165762897368,1.08674,nan
9870.155713646087,1.09775,nan
9872.145664394806,1.08652,nan
9874.135615143525,1.06584,nan
9876.125565892244,1.0202,nan
9878.115516640963,0.979171,nan
9880.105467389682,0.959069,nan
9882.0954181384,0.95049,nan
9884.08536888712,0.956034,nan
9886.075319635838,0.996061,nan
9888.065270384557,1.00581,nan
9890.055221133276,0.980404,nan
9892.045171881997,0.952224,nan
9894.035122630716,0.951996,nan
9896.025073379435,0.968781,nan
9898.015024128154,0.983584,nan
9900.004974876872,1.01301,nan
9901.994925625591,1.02712,nan
9903.98487637431,1.01915,nan
9905.97482712303,1.00369,nan
9907.964777871748,1.00345,nan
9909.954728620467,1.01617,nan
9911.944679369186,1.01492,nan
9913.934630117905,0.996374,nan
9915.924580866624,0.991809,nan
9917.914531615343,1.01392,nan
9919.904482364062,1.0496,nan
9921.89443311278,1.06484,nan
9923.8843838615,1.07138,nan
9925.874334610218,1.0726,nan
9927.864285358937,1.06882,nan
9929.854236107656,1.05707,nan
9931.844186856375,1.03066,nan
9933.834137605094,0.991304,nan
9935.824088353813,0.983394,nan
9937.814039102532,0.987312,nan
9939.80398985125,1.01555,nan
9941.79394059997,1.08886,nan
9943.783891348688,1.15706,nan
9945.773842097407,1.17236,nan
9947.763792846126,1.15156,nan
9949.753743594845,1.13502,nan
9951.743694343564,1.10129,nan
9953.733645092285,1.07415,nan
9955.723595841004,1.04893,nan
9957.713546589723,1.03042,nan
9959.703497338442,1.03177,nan
9961.69344808716,1.05449,nan
9963.68339883588,1.06968,nan
9965.673349584598,1.08836,nan
9967.663300333317,1.10514,nan
9969.653251082036,1.12107,nan
9971.643201830755,1.13465,nan
9973.633152579474,1.13693,nan
9975.623103328193,1.13517,nan
9977.613054076912,1.11682,nan
9979.60300482563,1.07413,nan
9981.59295557435,1.03556,nan
9983.582906323069,1.01294,nan
9985.572857071787,0.998747,nan
9987.562807820506,0.989631,nan
9989.552758569225,0.978554,nan
9991.542709317944,0.991132,nan
9993.532660066663,1.05113,nan
9995.522610815382,1.09341,nan
9997.5125615641,1.05681,nan
9999.50251231282,0.95391,nan
10001.492463061539,0.921057,nan
10003.482413810258,0.906882,nan
10005.472364558977,0.928441,nan
10007.462315307695,1.02179,nan
10009.452266056414,1.11476,nan
10011.442216805133,1.0934,nan
10013.432167553852,0.944101,nan
10015.422118302573,0.945936,nan
10017.412069051292,1.08626,nan
10019.40201980001,1.15491,nan
10021.39197054873,1.10241,nan
10023.381921297449,0.999787,nan
10025.371872046167,0.966156,nan
10027.361822794886,0.970288,nan
10029.351773543605,0.961695,nan
10031.341724292324,0.943886,nan
10033.331675041043,0.946825,nan
10035.321625789762,0.999284,nan
10037.311576538481,1.08155,nan
10039.3015272872,1.06799,nan
10041.291478035919,0.948197,nan
10043.281428784638,0.898155,nan
10045.271379533357,0.908996,nan
10047.261330282076,0.910059,nan
10049.251281030794,0.850722,nan
10051.241231779513,0.749522,nan
10053.231182528232,0.679736,nan
10055.221133276951,0.5706,nan
10057.21108402567,0.559547,nan
10059.201034774389,0.678709,nan
10061.190985523108,0.828011,nan
10063.180936271827,0.891969,nan
10065.170887020546,0.91488,nan
10067.160837769265,0.931321,nan
10069.150788517984,0.918808,nan
10071.140739266702,0.909526,nan
10073.130690015421,0.908725,nan
10075.12064076414,0.907015,nan
10077.11059151286,0.89167,nan
10079.10054226158,0.866611,nan
10081.090493010299,0.83588,nan
10083.080443759018,0.789792,nan
10085.070394507737,0.750461,nan
10087.060345256456,0.721568,nan
10089.050296005174,0.700509,nan
10091.040246753893,0.701597,nan
10093.030197502612,0.751206,nan
10095.020148251331,0.74838,nan
10097.01009900005,0.694243,nan
10099.000049748769,0.644401,nan
10100.990000497488,0.633423,nan
10102.979951246207,0.645098,nan
10104.969901994926,0.64596,nan
10106.959852743645,0.655497,nan
10108.949803492364,0.649456,nan
10110.939754241082,0.633611,nan
10112.929704989801,0.603776,nan
10114.91965573852,0.544405,nan
10116.90960648724,0.430921,nan
10118.899557235958,0.434496,nan
10120.889507984677,0.56051,nan
10122.879458733396,0.63477,nan
10124.869409482115,0.648162,nan
10126.859360230834,0.630405,nan
10128.849310979553,0.598816,nan
10130.839261728272,0.526178,nan
10132.82921247699,0.487547,nan
10134.81916322571,0.461917,nan
10136.809113974428,0.443519,nan
10138.799064723147,0.44232,nan
10140.789015471868,0.447466,nan
10142.778966220587,0.397759,nan
10144.768916969306,0.266026,nan
10146.758867718025,0.213706,nan
10148.748818466744,0.206042,nan
10150.738769215463,0.224924,nan
10152.728719964181,0.277092,nan
10154.7186707129,0.366267,nan
10156.70862146162,0.366788,nan
10158.698572210338,0.283251,nan
10160.688522959057,0.235884,nan
10162.678473707776,0.201785,nan
10164.668424456495,0.18475,nan
10166.658375205214,0.197316,nan
10168.648325953933,0.239294,nan
10170.638276702652,0.275297,nan
10172.62822745137,0.320989,nan
10174.61817820009,0.364607,nan
10176.608128948808,0.417681,nan
10178.598079697527,0.461364,nan
10180.588030446246,0.458953,nan
10182.577981194965,0.424236,nan
10184.567931943684,0.363468,nan
10186.557882692403,0.222144,nan
10188.547833441122,0.142695,nan
10190.53778418984,0.171977,nan
10192.52773493856,0.257024,nan
10194.517685687279,0.284575,nan
10196.507636435997,0.296306,nan
10198.497587184716,0.296604,nan
10200.487537933435,0.246182,nan
10202.477488682156,0.239776,nan
10204.467439430875,0.340326,nan
10206.457390179594,0.514809,nan
10208.447340928313,0.589104,nan
10210.437291677032,0.660554,nan
10212.42724242575,0.618044,nan
10214.41719317447,0.400856,nan
10216.407143923188,0.192427,nan
10218.397094671907,0.15923,nan
10220.387045420626,0.253319,nan
10222.376996169345,0.232622,nan
10224.366946918064,0.128021,nan
10226.356897666783,0.0853026,nan
10228.346848415502,0.117763,nan
10230.33679916422,0.173561,nan
10232.32674991294,0.189211,nan
10234.316700661659,0.16107,nan
10236.306651410378,0.221427,nan
10238.296602159096,0.397068,nan
10240.286552907815,0.499159,nan
10242.276503656534,0.485758,nan
10244.266454405253,0.412745,nan
10246.256405153972,0.365604,nan
10248.246355902691,0.300669,nan
10250.23630665141,0.252882,nan
10252.226257400129,0.193074,nan
10254.216208148848,0.169126,nan
10256.206158897567,0.213443,nan
10258.196109646286,0.305379,nan
10260.186060395004,0.339027,nan
10262.176011143723,0.360198,nan
10264.165961892442,0.344367,nan
10266.155912641163,0.249908,nan
10268.145863389882,0.184188,nan
10270.1358141386,0.245467,nan
10272.12576488732,0.412934,nan
10274.115715636039,0.435033,nan
10276.105666384758,0.343927,nan
10278.095617133476,0.296306,nan
10280.085567882195,0.289086,nan
10282.075518630914,0.290701,nan
10284.065469379633,0.274425,nan
10286.055420128352,0.24298,nan
10288.045370877071,0.238696,nan
10290.03532162579,0.247279,nan
10292.025272374509,0.27086,nan
10294.015223123228,0.319774,nan
10296.005173871947,0.378407,nan
10297.995124620666,0.406851,nan
10299.985075369385,0.518673,nan
10301.975026118103,0.379837,nan
10303.964976866822,-0.141681,nan
10305.954927615541,-0.439687,nan
10307.94487836426,-0.255957,nan
10309.934829112979,0.212438,nan
10311.924779861698,0.473078,nan
10313.914730610417,0.788778,nan
10315.904681359136,0.894596,nan
10317.894632107855,0.817676,nan
10319.884582856574,0.641587,nan
10321.874533605293,0.382413,nan
10323.864484354011,0.00098177,nan
10325.85443510273,-0.180554,nan
10327.844385851451,-0.300637,nan
10329.83433660017,-0.273828,nan
10331.824287348889,-0.0169,nan
10333.814238097608,0.274564,nan
10335.804188846327,0.371184,nan
10337.794139595046,0.346211,nan
10339.784090343765,0.359286,nan
10341.774041092483,0.329928,nan
10343.763991841202,0.340414,nan
10345.753942589921,0.436633,nan
10347.74389333864,0.53872,nan
10349.73384408736,0.484363,nan
10351.723794836078,0.229833,nan
10353.713745584797,0.171626,nan
10355.703696333516,0.222093,nan
10357.693647082235,0.29063,nan
10359.683597830954,0.350242,nan
10361.673548579673,0.424235,nan
10363.663499328391,0.542444,nan
10365.65345007711,0.784252,nan
10367.64340082583,0.85902,nan
10369.633351574548,0.804836,nan
10371.623302323267,0.70831,nan
10373.613253071986,0.598344,nan
10375.603203820705,0.449339,nan
10377.593154569424,0.390807,nan
10379.583105318143,0.381054,nan
10381.573056066862,0.410304,nan
10383.56300681558,0.513368,nan
10385.5529575643,0.619832,nan
10387.542908313018,0.656117,nan
10389.532859061737,0.652373,nan
10391.522809810458,0.634036,nan
10393.512760559177,0.592091,nan
10395.502711307896,0.52869,nan
10397.492662056615,0.402196,nan
10399.482612805334,0.284465,nan
10401.472563554053,0.321976,nan
10403.462514302772,0.550893,nan
10405.45246505149,0.596461,nan
10407.44241580021,0.571515,nan
10409.432366548928,0.485953,nan
10411.422317297647,0.272655,nan
10413.412268046366,0.0103874,nan
10415.402218795085,0.0526896,nan
10417.392169543804,0.487125,nan
10419.382120292523,0.595603,nan
10421.372071041242,0.498473,nan
10423.36202178996,0.380952,nan
10425.35197253868,0.311877,nan
10427.341923287398,0.245183,nan
10429.331874036117,0.272778,nan
10431.321824784836,0.446505,nan
10433.311775533555,0.506178,nan
10435.301726282274,0.465989,nan
10437.291677030993,0.402584,nan
10439.281627779712,0.366144,nan
10441.27157852843,0.320278,nan
10443.26152927715,0.344661,nan
10445.251480025869,0.460439,nan
10447.241430774588,0.5286,nan
10449.231381523306,0.574195,nan
10451.221332272025,0.574261,nan
10453.211283020746,0.447497,nan
10455.201233769465,0.0529721,nan
10457.191184518184,0.12167,nan
10459.181135266903,0.718528,nan
10461.171086015622,1.03673,nan
10463.16103676434,0.847645,nan
10465.15098751306,0.43717,nan
10467.140938261779,0.348069,nan
10469.130889010497,0.420586,nan
10471.120839759216,0.494192,nan
10473.110790507935,0.689928,nan
10475.100741256654,0.819337,nan
10477.090692005373,0.778554,nan
10479.080642754092,0.630828,nan
10481.07059350281,0.601473,nan
10483.06054425153,0.64927,nan
10485.050495000249,0.651877,nan
10487.040445748968,0.648788,nan
10489.030396497687,0.608593,nan
10491.020347246405,0.473907,nan
10493.010297995124,0.227097,nan
10495.000248743843,0.234273,nan
10496.990199492562,0.502396,nan
10498.980150241281,0.646945,nan
10500.97010099,0.684417,nan
10502.960051738719,0.66723,nan
10504.950002487438,0.618366,nan
10506.939953236157,0.505082,nan
10508.929903984876,0.43062,nan
10510.919854733595,0.311537,nan
10512.909805482313,0.28861,nan
10514.899756231034,0.436667,nan
10516.889706979753,0.645298,nan
10518.879657728472,0.654389,nan
10520.869608477191,0.458477,nan
10522.85955922591,0.417275,nan
10524.849509974629,0.460644,nan
10526.839460723348,0.488677,nan
10528.829411472067,0.450759,nan
10530.819362220785,0.383301,nan
10532.809312969504,0.408009,nan
10534.799263718223,0.536954,nan
10536.789214466942,0.592388,nan
10538.779165215661,0.611038,nan
10540.76911596438,0.602067,nan
10542.759066713099,0.557024,nan
10544.749017461818,0.468425,nan
10546.738968210537,0.451484,nan
10548.728918959256,0.499547,nan
10550.718869707975,0.51507,nan
10552.708820456694,0.492291,nan
10554.698771205412,0.469612,nan
10556.688721954131,0.490599,nan
10558.67867270285,0.559059,nan
10560.66862345157,0.558902,nan
10562.658574200288,0.495668,nan
10564.648524949007,0.459203,nan
10566.638475697726,0.45432,nan
10568.628426446445,0.468978,nan
10570.618377195164,0.504216,nan
10572.608327943883,0.607981,nan
10574.598278692602,0.608875,nan
10576.58822944132,0.530517,nan
10578.578180190041,0.448755,nan
10580.56813093876,0.366961,nan
10582.558081687479,0.284633,nan
10584.548032436198,0.298457,nan
10586.537983184917,0.428479,nan
10588.527933933636,0.496471,nan
10590.517884682355,0.547675,nan
10592.507835431074,0.579343,nan
10594.497786179792,0.581568,nan
10596.487736928511,0.555429,nan
10598.47768767723,0.557006,nan
10600.46763842595,0.588789,nan
10602.457589174668,0.58454,nan
10604.447539923387,0.526944,nan
10606.437490672106,0.474257,nan
10608.427441420825,0.494436,nan
10610.417392169544,0.589194,nan
10612.407342918263,0.574547,nan
10614.397293666982,0.459342,nan
10616.3872444157,0.389929,nan
10618.37719516442,0.375716,nan
10620.367145913138,0.386958,nan
10622.357096661857,0.399073,nan
10624.347047410576,0.439754,nan
10626.336998159295,0.442417,nan
10628.326948908014,0.415744,nan
10630.316899656733,0.391631,nan
10632.306850405452,0.374383,nan
10634.29680115417,0.36053,nan
10636.28675190289,0.36224,nan
10638.276702651609,0.380487,nan
10640.26665340033,0.397329,nan
10642.256604149048,0.438671,nan
10644.246554897767,0.452801,nan
10646.236505646486,0.393627,nan
10648.226456395205,0.278711,nan
10650.216407143924,0.284992,nan
10652.206357892643,0.403734,nan
10654.196308641362,0.471529,nan
10656.18625939008,0.515369,nan
10658.1762101388,0.540772,nan
10660.166160887518,0.539941,nan
10662.156111636237,0.50562,nan
10664.146062384956,0.507185,nan
10666.136013133675,0.539587,nan
10668.125963882394,0.551058,nan
10670.115914631113,0.540751,nan
10672.105865379832,0.517686,nan
10674.09581612855,0.487696,nan
10676.08576687727,0.443569,nan
10678.075717625989,0.404662,nan
10680.065668374707,0.34475,nan
10682.055619123426,0.318666,nan
10684.045569872145,0.343502,nan
10686.035520620864,0.399165,nan
10688.025471369583,0.444566,nan
10690.015422118302,0.537002,nan
10692.005372867021,0.540352,nan
10693.99532361574,0.472471,nan
10695.985274364459,0.385063,nan
10697.975225113178,0.291695,nan
10699.965175861897,0.182088,nan
10701.955126610617,0.111137,nan
10703.945077359336,0.0339125,nan
10705.935028108055,0.0296104,nan
10707.924978856774,0.10354,nan
10709.914929605493,0.208012,nan
10711.904880354212,0.319709,nan
10713.89483110293,0.472189,nan
10715.88478185165,0.504605,nan
10717.874732600369,0.41109,nan
10719.864683349087,0.367269,nan
10721.854634097806,0.37145,nan
10723.844584846525,0.392126,nan
10725.834535595244,0.407495,nan
10727.824486343963,0.4361,nan
10729.814437092682,0.437815,nan
10731.804387841401,0.408688,nan
10733.79433859012,0.394766,nan
10735.784289338839,0.402514,nan
10737.774240087558,0.422942,nan
10739.764190836277,0.449998,nan
10741.754141584996,0.506715,nan
10743.744092333714,0.524723,nan
10745.734043082433,0.519512,nan
10747.723993831152,0.503811,nan
10749.713944579871,0.479038,nan
10751.70389532859,0.444096,nan
10753.693846077309,0.418975,nan
10755.683796826028,0.400282,nan
10757.673747574747,0.376046,nan
10759.663698323466,0.328898,nan
10761.653649072185,0.304882,nan
10763.643599820904,0.345088,nan
10765.633550569624,0.440023,nan
10767.623501318343,0.484135,nan
10769.613452067062,0.497633,nan
10771.603402815781,0.526686,nan
10773.5933535645,0.581555,nan
10775.583304313219,0.63026,nan
10777.573255061938,0.633296,nan
10779.563205810657,0.595164,nan
10781.553156559376,0.578279,nan
10783.543107308094,0.564845,nan
10785.533058056813,0.548762,nan
10787.523008805532,0.522302,nan
10789.512959554251,0.497499,nan
10791.50291030297,0.503532,nan
10793.492861051689,0.53801,nan
10795.482811800408,0.568993,nan
10797.472762549127,0.625765,nan
10799.462713297846,0.657369,nan
10801.452664046565,0.644644,nan
10803.442614795284,0.602656,nan
10805.432565544003,0.560594,nan
10807.422516292721,0.475224,nan
10809.41246704144,0.450307,nan
10811.40241779016,0.47232,nan
10813.392368538878,0.514191,nan
10815.382319287597,0.569134,nan
10817.372270036316,0.647816,nan
10819.362220785035,0.672128,nan
10821.352171533754,0.663076,nan
10823.342122282473,0.638141,nan
10825.332073031192,0.582579,nan
10827.322023779912,0.521383,nan
10829.311974528631,0.485164,nan
10831.30192527735,0.463485,nan
10833.291876026069,0.437457,nan
10835.281826774788,0.409016,nan
10837.271777523507,0.390048,nan
10839.261728272226,0.379169,nan
10841.251679020945,0.377727,nan
10843.241629769664,0.393607,nan
10845.231580518383,0.458863,nan
10847.221531267101,0.443715,nan
10849.21148201582,0.32218,nan
10851.20143276454,0.269433,nan
10853.191383513258,0.363194,nan
10855.181334261977,0.529727,nan
10857.171285010696,0.558701,nan
10859.161235759415,0.470445,nan
10861.151186508134,0.451695,nan
10863.141137256853,0.465704,nan
10865.131088005572,0.484517,nan
10867.12103875429,0.498994,nan
10869.11098950301,0.516392,nan
10871.100940251728,0.506406,nan
10873.090891000447,0.465454,nan
10875.080841749166,0.436794,nan
10877.070792497885,0.404342,nan
10879.060743246604,0.386495,nan
10881.050693995323,0.40622,nan
10883.040644744042,0.459136,nan
10885.03059549276,0.506278,nan
10887.02054624148,0.601544,nan
10889.0104969902,0.626004,nan
10891.00044773892,0.541866,nan
10892.990398487638,0.430392,nan
10894.980349236357,0.421203,nan
10896.970299985076,0.492452,nan
10898.960250733795,0.517957,nan
10900.950201482514,0.54363,nan
10902.940152231233,0.551615,nan
10904.930102979952,0.52904,nan
10906.92005372867,0.490813,nan
10908.91000447739,0.485791,nan
10910.899955226108,0.509858,nan
10912.889905974827,0.516124,nan
10914.879856723546,0.521843,nan
10916.869807472265,0.516336,nan
10918.859758220984,0.48685,nan
10920.849708969703,0.438797,nan
10922.839659718422,0.434135,nan
10924.82961046714,0.463734,nan
10926.81956121586,0.48815,nan
10928.809511964579,0.517122,nan
10930.799462713298,0.545981,nan
10932.789413462016,0.569626,nan
10934.779364210735,0.591624,nan
10936.769314959454,0.604691,nan
10938.759265708173,0.6156,nan
10940.749216456892,0.611613,nan
10942.739167205611,0.578758,nan
10944.72911795433,0.545204,nan
10946.719068703049,0.556775,nan
10948.709019451768,0.616059,nan
10950.698970200487,0.629059,nan
10952.688920949207,0.611032,nan
10954.678871697926,0.601442,nan
10956.668822446645,0.607871,nan
10958.658773195364,0.6206,nan
10960.648723944083,0.628102,nan
10962.638674692802,0.650678,nan
10964.62862544152,0.636166,nan
10966.61857619024,0.581551,nan
10968.608526938959,0.533246,nan
10970.598477687678,0.507212,nan
10972.588428436396,0.492664,nan
10974.578379185115,0.497293,nan
10976.568329933834,0.543107,nan
10978.558280682553,0.552413,nan
10980.548231431272,0.52692,nan
10982.538182179991,0.500566,nan
10984.52813292871,0.495175,nan
10986.518083677429,0.498182,nan
10988.508034426148,0.52092,nan
10990.497985174867,0.579149,nan
10992.487935923586,0.614659,nan
10994.477886672305,0.628729,nan
10996.467837421023,0.632382,nan
10998.457788169742,0.634344,nan
11000.447738918461,0.632672,nan
11002.43768966718,0.618746,nan
11004.427640415899,0.587181,nan
11006.417591164618,0.560705,nan
11008.407541913337,0.538221,nan
11010.397492662056,0.520926,nan
11012.387443410775,0.521286,nan
11014.377394159495,0.544021,nan
11016.367344908214,0.556433,nan
11018.357295656933,0.574007,nan
11020.347246405652,0.582367,nan
11022.337197154371,0.576382,nan
11024.32714790309,0.559852,nan
11026.317098651809,0.537524,nan
11028.307049400528,0.49315,nan
11030.297000149247,0.472833,nan
11032.286950897966,0.464886,nan
11034.276901646685,0.471468,nan
11036.266852395403,0.501065,nan
11038.256803144122,0.555546,nan
11040.246753892841,0.569554,nan
11042.23670464156,0.550268,nan
11044.22665539028,0.543155,nan
11046.216606138998,0.544202,nan
11048.206556887717,0.548433,nan
11050.196507636436,0.554261,nan
11052.186458385155,0.563919,nan
11054.176409133874,0.569669,nan
11056.166359882593,0.572953,nan
11058.156310631311,0.576756,nan
11060.14626138003,0.582946,nan
11062.13621212875,0.588351,nan
11064.126162877468,0.586256,nan
11066.116113626187,0.573372,nan
11068.106064374906,0.57123,nan
11070.096015123625,0.577501,nan
11072.085965872344,0.58091,nan
11074.075916621063,0.577664,nan
11076.065867369784,0.571027,nan
11078.055818118502,0.566759,nan
11080.045768867221,0.57819,nan
11082.03571961594,0.555752,nan
11084.02567036466,0.529625,nan
11086.015621113378,0.457392,nan
11088.005571862097,0.288793,nan
11089.995522610816,0.0341015,nan
11091.985473359535,-0.0610807,nan
11093.975424108254,-0.0900449,nan
11095.965374856973,-0.0273238,nan
11097.955325605692,0.199484,nan
11099.94527635441,0.428736,nan
11101.93522710313,0.481591,nan
11103.925177851848,0.40202,nan
11105.915128600567,0.415334,nan
11107.905079349286,0.469677,nan
11109.895030098005,0.502791,nan
11111.884980846724,0.513832,nan
11113.874931595443,0.510851,nan
11115.864882344162,0.494217,nan
11117.85483309288,0.443267,nan
11119.8447838416,0.436671,nan
11121.834734590318,0.461176,nan
11123.824685339037,0.486806,nan
11125.814636087756,0.510992,nan
11127.804586836475,0.535498,nan
11129.794537585194,0.543372,nan
11131.784488333913,0.533691,nan
11133.774439082632,0.53016,nan
11135.76438983135,0.519181,nan
11137.75434058007,0.518486,nan
11139.74429132879,0.546455,nan
11141.73424207751,0.596079,nan
11143.724192826228,0.585288,nan
11145.714143574947,0.513708,nan
11147.704094323666,0.471311,nan
11149.694045072385,0.436917,nan
11151.683995821104,0.420268,nan
11153.673946569823,0.441649,nan
11155.663897318542,0.507612,nan
11157.65384806726,0.51151,nan
11159.64379881598,0.470472,nan
11161.633749564699,0.43736,nan
11163.623700313417,0.406662,nan
11165.613651062136,0.380129,nan
11167.603601810855,0.369258,nan
11169.593552559574,0.364279,nan
11171.583503308293,0.385373,nan
11173.573454057012,0.454183,nan
11175.56340480573,0.494276,nan
11177.55335555445,0.48595,nan
11179.543306303169,0.453033,nan
11181.533257051888,0.436025,nan
11183.523207800607,0.413322,nan
11185.513158549325,0.404897,nan
11187.503109298044,0.408144,nan
11189.493060046763,0.415197,nan
11191.483010795482,0.423246,nan
11193.472961544201,0.43415,nan
11195.46291229292,0.446089,nan
11197.452863041639,0.459998,nan
11199.442813790358,0.474973,nan
11201.432764539079,0.491823,nan
11203.422715287797,0.509139,nan
11205.412666036516,0.527809,nan
11207.402616785235,0.550765,nan
11209.392567533954,0.552244,nan
11211.382518282673,0.531631,nan
11213.372469031392,0.516271,nan
11215.362419780111,0.50206,nan
11217.35237052883,0.491082,nan
11219.342321277549,0.489521,nan
11221.332272026268,0.492221,nan
11223.322222774987,0.510207,nan
11225.312173523705,0.560277,nan
11227.302124272424,0.586093,nan
11229.292075021143,0.577598,nan
11231.282025769862,0.549562,nan
11233.271976518581,0.520845,nan
11235.2619272673,0.460086,nan
11237.251878016019,0.446961,nan
11239.241828764738,0.471733,nan
11241.231779513457,0.497497,nan
11243.221730262176,0.512603,nan
11245.211681010895,0.52526,nan
11247.201631759614,0.532152,nan
11249.191582508332,0.533969,nan
11251.181533257051,0.53235,nan
11253.17148400577,0.52639,nan
11255.16143475449,0.517338,nan
11257.151385503208,0.50459,nan
11259.141336251927,0.486685,nan
11261.131287000646,0.480175,nan
11263.121237749365,0.481014,nan
11265.111188498086,0.484492,nan
11267.101139246804,0.492345,nan
11269.091089995523,0.502356,nan
11271.081040744242,0.511558,nan
11273.070991492961,0.522601,nan
11275.06094224168,0.528986,nan
11277.050892990399,0.5369,nan
11279.040843739118,0.534807,nan
11281.030794487837,0.516974,nan
11283.020745236556,0.492858,nan
11285.010695985275,0.482256,nan
11287.000646733994,0.48285,nan
11288.990597482712,0.475027,nan
11290.980548231431,0.463893,nan
11292.97049898015,0.451779,nan
