wl,flux,fluxerr
3410.518053375196,9.3018359e-17,1.3060919000000001e-16
3411.9603610675035,1.570922e-16,1.3172253e-16
3413.402668759811,5.4530608e-17,1.3102374e-16
3414.8449764521188,4.4674096000000004e-17,1.3239831e-16
3416.287284144427,5.89042e-17,1.3276303e-16
3417.7295918367345,1.0882675e-16,1.3173119e-16
3419.171899529042,-1.9445077000000002e-17,1.2964989000000002e-16
3420.6142072213497,2.8994712e-17,1.2952866e-16
3422.056514913658,6.8329658e-17,1.3031417e-16
3423.498822605965,1.5490352000000002e-16,1.2939223e-16
3424.9411302982726,4.9320524e-18,1.262849e-16
3426.3834379905807,2.6254162e-17,1.2628337000000001e-16
3427.8257456828883,1.1149913000000002e-16,1.263906e-16
3429.268053375196,1.0066464000000001e-16,1.257257e-16
3430.7103610675035,1.4923065000000002e-16,1.2546775e-16
3432.1526687598116,1.0884814000000001e-16,1.2474211000000002e-16
3433.5949764521188,5.3167983e-17,1.2366616000000002e-16
3435.0372841444264,2.2961795e-16,1.2788075e-16
3436.4795918367345,1.3155952e-16,1.2600273e-16
3437.921899529042,-4.3907392e-17,1.1960697000000001e-16
3439.3642072213497,8.8830813e-17,1.2048780000000001e-16
3440.8065149136573,1.0467092000000001e-16,1.2275817e-16
3442.2488226059654,-2.1597946e-17,1.2232128e-16
3443.6911302982726,-1.2436907e-16,1.2141099e-16
3445.1334379905807,-1.4371963000000001e-16,1.1999399e-16
3446.5757456828883,-1.1010539000000001e-16,1.1982518000000002e-16
3448.018053375196,1.9571177e-16,1.214132e-16
3449.4603610675035,2.1634668e-16,1.2021526e-16
3450.902668759811,1.1951976e-16,1.1928393000000002e-16
3452.344976452119,2.5920161e-16,1.2071432e-16
3453.7872841444264,3.1782463e-16,1.229385e-16
3455.2295918367345,3.4836857e-17,1.1941341e-16
3456.671899529042,1.5250830000000002e-16,1.1849092e-16
3458.1142072213497,1.6603789000000002e-16,1.1734703000000002e-16
3459.5565149136573,1.5238931000000002e-16,1.1802165000000002e-16
3460.998822605965,-3.1129194999999995e-18,1.1568227e-16
3462.441130298273,-4.0945411e-17,1.1539424000000001e-16
3463.88343799058,1.1996755e-16,1.1755296000000002e-16
3465.3257456828883,1.5684627e-16,1.1683321e-16
3466.768053375196,-2.7825532e-17,1.1439189e-16
3468.2103610675035,-1.3447637e-16,1.1507525e-16
3469.652668759811,-7.8489521e-17,1.1472757e-16
3471.0949764521188,1.6965001e-17,1.1340729e-16
3472.537284144427,8.6490005e-17,1.1519605e-16
3473.979591836734,1.9423155000000002e-16,1.1811298000000002e-16
3475.421899529042,1.6098348000000002e-16,1.1737616000000002e-16
3476.8642072213497,2.028867e-16,1.1847247e-16
3478.3065149136573,9.954421200000001e-17,1.1756329e-16
3479.748822605965,1.1252857e-16,1.1677496000000002e-16
3481.191130298273,2.1718793e-17,1.1378597e-16
3482.6334379905807,2.0451073e-16,1.1501564000000001e-16
3484.075745682888,2.1605549000000003e-16,1.1605289e-16
3485.518053375196,4.5798635e-17,1.1230465000000002e-16
3486.9603610675035,6.5481047e-17,1.1100597000000001e-16
3488.402668759811,3.6830452e-17,1.1101106000000001e-16
3489.8449764521188,8.1723029e-17,1.1181023000000002e-16
3491.287284144427,1.3647440000000002e-16,1.1105819e-16
3492.7295918367345,8.271423000000001e-17,1.0999220000000001e-16
3494.171899529042,1.4145240000000002e-16,1.1035035000000001e-16
3495.6142072213497,9.0868384e-17,1.0822319e-16
3497.0565149136573,8.8986628e-17,1.0660579000000001e-16
3498.498822605965,1.0205262000000001e-16,1.0529565000000001e-16
3499.9411302982726,1.2604014000000002e-16,1.0572817e-16
3501.3834379905807,1.1255081e-16,1.0520181000000001e-16
3502.8257456828883,1.3444423e-16,1.0384505e-16
3504.268053375196,1.6308381e-16,1.0406203000000001e-16
3505.7103610675035,5.5899145e-17,1.0161531000000001e-16
3507.152668759811,5.9050346e-17,1.0127971000000001e-16
3508.5949764521188,6.9169008e-17,1.0106307000000001e-16
3510.0372841444264,1.4712846000000002e-16,1.0109669000000001e-16
3511.4795918367345,1.4950878e-16,9.9665892e-17
3512.921899529042,9.017107800000001e-17,9.8576897e-17
3514.3642072213497,8.9891279e-17,9.7572655e-17
3515.8065149136573,5.9449656e-17,9.6212325e-17
3517.2488226059654,1.0813882000000001e-16,9.6589559e-17
3518.6911302982726,1.4856121000000002e-16,9.709267400000001e-17
3520.13343799058,1.0414645000000001e-16,9.5921486e-17
3521.5757456828883,1.2652436e-16,9.5151392e-17
3523.018053375196,9.7219484e-17,9.3609829e-17
3524.4603610675035,9.4768356e-17,9.4528589e-17
3525.902668759811,7.427502200000001e-17,9.465880100000001e-17
3527.344976452119,1.1387839e-16,9.4375703e-17
3528.7872841444264,3.7744552e-17,9.2018025e-17
3530.2295918367345,4.4969998e-17,9.1587946e-17
3531.671899529042,3.6012744e-17,9.0953003e-17
3533.1142072213497,8.0899627e-17,9.0547187e-17
3534.5565149136573,3.3725212000000003e-17,8.9144825e-17
3535.998822605965,-9.041395899999999e-18,8.9174352e-17
3537.441130298273,1.1913259e-16,8.9028838e-17
3538.88343799058,1.4981947e-16,8.8810879e-17
3540.3257456828883,1.5549382000000002e-16,8.8721806e-17
3541.768053375196,2.6428548000000003e-16,8.9767078e-17
3543.2103610675035,2.1966025e-16,8.8020523e-17
3544.652668759811,2.4961401e-17,8.6332651e-17
3546.0949764521188,1.1286448e-16,8.6242756e-17
3547.537284144427,2.1084054000000002e-16,8.8809668e-17
3548.979591836734,1.4739640000000002e-16,8.7812224e-17
3550.421899529042,1.0116907000000001e-16,8.6036939e-17
3551.8642072213497,2.3073789e-16,8.8100334e-17
3553.306514913658,1.4692747000000001e-16,8.5706928e-17
3554.748822605965,5.2816693e-17,8.4156172e-17
3556.1911302982726,7.8162453e-17,8.414497e-17
3557.6334379905807,1.3505785e-16,8.461072e-17
3559.075745682888,1.0179887e-16,8.3783967e-17
3560.518053375196,-1.8011957e-17,8.1888728e-17
3561.9603610675035,1.1866045e-16,8.3171687e-17
3563.4026687598116,2.1616827e-16,8.5318738e-17
3564.8449764521188,1.9042157e-16,8.4694255e-17
3566.287284144427,1.5237358000000002e-16,8.3323296e-17
3567.7295918367345,5.8020956e-17,8.1569006e-17
3569.1718995290416,1.1164049e-16,8.1767825e-17
3570.6142072213497,2.5712551e-16,8.289720100000001e-17
3572.0565149136573,7.1216988e-17,7.9310783e-17
3573.4988226059654,-7.232988e-18,7.7627129e-17
3574.9411302982726,-9.306331800000001e-17,7.702016e-17
3576.3834379905807,-7.8243835e-17,7.6877349e-17
3577.8257456828883,7.056969e-17,7.7594046e-17
3579.2680533751954,5.3937384e-17,7.8161529e-17
3580.7103610675035,6.2147244e-17,7.8538557e-17
3582.152668759811,1.1750437000000001e-16,7.9062606e-17
3583.594976452119,1.6544324000000002e-16,7.9616607e-17
3585.0372841444264,1.1856475e-16,7.8227526e-17
3586.4795918367345,7.0216417e-17,7.6170647e-17
3587.921899529042,7.2697886e-17,7.5433655e-17
3589.3642072213497,6.8949779e-17,7.4388608e-17
3590.8065149136573,8.7043547e-17,7.4035153e-17
3592.248822605965,7.5445139e-17,7.4413147e-17
3593.691130298273,6.2729056e-17,7.403164e-17
3595.13343799058,1.4090345e-16,7.4249809e-17
3596.5757456828883,1.2026903e-16,7.159552e-17
3598.018053375196,8.6533991e-17,7.0301586e-17
3599.4603610675035,9.9702806e-17,7.07637e-17
3600.902668759811,1.4384216000000002e-16,7.1459762e-17
3602.344976452119,1.4047613000000002e-16,7.1109974e-17
3603.787284144427,1.3323803e-16,6.9709314e-17
3605.229591836734,1.3258501e-16,6.8952329e-17
3606.671899529042,3.9270032e-17,6.7346437e-17
3608.1142072213497,6.211153e-17,6.7211081e-17
3609.5565149136573,9.4125577e-17,6.6747543e-17
3610.998822605965,1.2387695e-16,6.6893182e-17
3612.441130298273,1.2063912e-16,6.6776546e-17
3613.8834379905807,1.4032775000000002e-16,6.6826796e-17
3615.325745682888,9.1373997e-17,6.5656528e-17
3616.768053375196,1.599406e-16,6.6539584e-17
3618.2103610675035,1.3377531e-16,6.539046200000001e-17
3619.652668759811,1.7578992e-16,6.5925594e-17
3621.0949764521188,1.1627688e-16,6.4847314e-17
3622.537284144427,1.1299292e-16,6.4799986e-17
3623.9795918367345,1.2072808000000002e-16,6.4138548e-17
3625.421899529042,6.943266e-17,6.2959372e-17
3626.8642072213497,1.0647216000000001e-16,6.4050436e-17
3628.3065149136573,5.2367517e-17,6.2784993e-17
3629.748822605965,4.6482637e-17,6.2486164e-17
3631.1911302982726,1.2874655e-16,6.4126474e-17
3632.6334379905807,1.8263158e-16,6.4419474e-17
3634.0757456828883,3.2135285e-17,6.1437404e-17
3635.518053375196,3.7599127e-17,6.091748e-17
3636.9603610675035,1.1881204e-16,6.2056029e-17
3638.4026687598116,1.1746000000000001e-16,6.2454974e-17
3639.8449764521188,8.571826500000001e-17,6.062295e-17
3641.2872841444264,1.2347983000000002e-16,6.1397555e-17
3642.7295918367345,8.8523691e-17,6.0179683e-17
3644.171899529042,1.7124075e-16,6.103203000000001e-17
3645.6142072213497,1.4295274e-16,5.999725e-17
3647.0565149136573,1.2376272000000002e-16,5.9775962e-17
3648.4988226059654,1.0340657000000001e-16,5.9298014e-17
3649.9411302982726,1.1066048000000001e-16,5.8311033e-17
3651.38343799058,1.7736172000000002e-16,5.9356468e-17
3652.8257456828883,1.8387234000000002e-16,5.9924591e-17
3654.268053375196,8.9390649e-17,5.828667400000001e-17
3655.7103610675035,9.346976100000001e-17,5.8283901e-17
3657.152668759811,1.8354886000000003e-16,6.0033487e-17
3658.594976452119,2.1019366000000003e-16,6.0242181e-17
3660.0372841444264,1.8202161e-16,5.8973185e-17
3661.4795918367345,1.4319169e-16,5.803345800000001e-17
3662.921899529042,9.5223828e-17,5.683219e-17
3664.3642072213497,1.0502865000000001e-16,5.6753273e-17
3665.8065149136573,9.5159036e-17,5.7381027e-17
3667.248822605965,1.2854019e-16,5.8075523e-17
3668.691130298273,1.8484811e-16,5.868591500000001e-17
3670.13343799058,2.0764863e-16,5.8755367e-17
3671.5757456828883,1.7560048000000002e-16,5.7687877e-17
3673.018053375196,1.4173025000000002e-16,5.6583593e-17
3674.460361067504,9.0787466e-17,5.4896656e-17
3675.902668759811,9.4158604e-17,5.4431401e-17
3677.3449764521188,1.5824181e-16,5.5224715e-17
3678.787284144427,1.8022049e-16,5.4997855e-17
3680.229591836734,1.8126042e-16,5.4918775e-17
3681.671899529042,1.3371339000000001e-16,5.4655616e-17
3683.1142072213497,1.0536240000000001e-16,5.3345566e-17
3684.556514913658,1.6167317000000002e-16,5.3601575e-17
3685.998822605965,2.0601866000000001e-16,5.4135566e-17
3687.4411302982726,1.7700316000000001e-16,5.3312105e-17
3688.8834379905807,1.8948275000000002e-16,5.3043947e-17
3690.325745682888,1.9348527000000003e-16,5.2879990000000004e-17
3691.768053375196,1.7536356e-16,5.2274274e-17
3693.2103610675035,2.0990198e-16,5.2540767e-17
3694.652668759811,2.0873054000000002e-16,5.2163089000000003e-17
3696.0949764521188,2.1460654e-16,5.2172766e-17
3697.537284144427,1.9223659000000002e-16,5.1520077e-17
3698.9795918367345,1.5324462e-16,5.0821546e-17
3700.4218995290416,1.2288906e-16,5.0005933e-17
3701.8642072213497,1.4525681e-16,5.0692915e-17
3703.3065149136573,1.0791717e-16,4.9967573e-17
3704.748822605965,2.2679921e-16,5.1757195e-17
3706.1911302982726,2.3257468e-16,5.1661067e-17
3707.6334379905807,1.5041391000000002e-16,5.0149127e-17
3709.0757456828883,2.1267223000000003e-16,5.092565e-17
3710.518053375196,1.2756299e-16,4.8518027e-17
3711.9603610675035,9.3785731e-17,4.7472353000000003e-17
3713.402668759811,1.6718976e-16,4.9032436e-17
3714.8449764521188,1.1123868e-16,4.8193546000000004e-17
3716.2872841444264,8.3669511e-17,4.7463848e-17
3717.7295918367345,1.4133858e-16,4.8165487000000003e-17
3719.171899529042,1.2990836e-16,4.7745937e-17
3720.6142072213497,2.2556734e-16,4.9574538000000004e-17
3722.0565149136573,1.2175343e-16,4.7353253e-17
3723.498822605965,1.3675883000000002e-16,4.7357037e-17
3724.9411302982726,1.3816112e-16,4.7339057e-17
3726.38343799058,1.4388813000000002e-16,4.7087273e-17
3727.8257456828883,1.4458102000000001e-16,4.6645387e-17
3729.268053375196,1.3287113000000002e-16,4.6199734e-17
3730.7103610675035,9.8839871e-17,4.5132263e-17
3732.152668759811,1.6209798e-16,4.6513313e-17
3733.594976452119,1.3213425000000001e-16,4.6148255e-17
3735.0372841444264,1.6466966e-16,4.6341873000000004e-17
3736.479591836734,1.9341670000000002e-16,4.6731686e-17
3737.921899529042,2.1070426000000002e-16,4.6583948e-17
3739.3642072213497,1.4265080000000001e-16,4.5609954e-17
3740.8065149136573,4.2063299e-17,4.4005443000000004e-17
3742.248822605965,3.1259404e-17,4.3307502000000004e-17
3743.691130298273,1.1422655000000001e-16,4.4059750000000003e-17
3745.13343799058,1.0297028000000001e-16,4.378739e-17
3746.5757456828883,1.4756933000000002e-16,4.4854102e-17
3748.018053375196,1.1813252e-16,4.3725106e-17
3749.4603610675035,3.7673243e-17,4.187144e-17
3750.902668759811,7.4698142e-17,4.2700119e-17
3752.3449764521188,1.0675567000000001e-16,4.3145894e-17
3753.787284144427,4.9649508e-17,4.2080922e-17
3755.229591836734,3.2750006e-17,4.2023294e-17
3756.671899529042,6.0118733e-17,4.2501302e-17
3758.1142072213497,5.3449989e-17,4.2615544e-17
3759.5565149136573,2.2005145e-17,4.1875381e-17
3760.998822605965,4.29451e-17,4.1860282e-17
3762.4411302982726,1.19112e-16,4.3125808e-17
3763.8834379905807,1.0520164000000001e-16,4.2466683e-17
3765.325745682888,4.2783032e-17,4.0655204000000003e-17
3766.768053375196,5.9645506e-17,4.0388437e-17
3768.2103610675035,1.1239406000000002e-16,4.106678e-17
3769.6526687598116,6.1920411e-17,4.0205256e-17
3771.0949764521188,4.4963933e-17,4.0099074e-17
3772.5372841444264,2.6682764e-17,3.9733912e-17
3773.9795918367345,3.0042455e-17,3.9947062e-17
3775.4218995290416,1.016373e-16,4.1027038e-17
3776.8642072213497,1.2004647000000002e-16,4.049757e-17
3778.3065149136573,1.0525857000000001e-16,4.0100976e-17
3779.7488226059654,6.4648499e-17,3.9306765e-17
3781.1911302982726,7.886422700000001e-17,3.9196876e-17
3782.6334379905807,8.1652798e-17,3.8926918e-17
3784.0757456828883,1.3097656000000001e-16,3.9503323e-17
3785.5180533751954,8.2205626e-17,3.8723776e-17
3786.9603610675035,5.7732184e-17,3.7963504e-17
3788.402668759811,2.8784856e-17,3.7197961e-17
3789.844976452119,4.2051361000000003e-17,3.7007869e-17
3791.2872841444264,4.1741261000000004e-17,3.693589e-17
3792.7295918367345,4.5001921e-17,3.7019625e-17
3794.171899529042,9.4905866e-17,3.7888909e-17
3795.6142072213493,1.2585476000000002e-16,3.7893935e-17
3797.0565149136573,1.0570295000000001e-16,3.7101607e-17
3798.498822605965,1.1993821e-16,3.9795597e-17
3799.941130298273,1.2416787000000002e-16,5.3877258e-17
3801.38343799058,8.784867200000001e-17,7.2079045e-17
3802.8257456828883,1.0670533000000001e-16,4.4401647e-17
3804.268053375196,8.628874800000001e-17,3.5867846e-17
3805.7103610675035,9.6398345e-17,3.6908937e-17
3807.152668759811,8.4255307e-17,3.6253722e-17
3808.5949764521188,9.1866546e-17,3.6258826e-17
3810.037284144427,8.7141545e-17,3.5831458e-17
3811.479591836734,3.5611535e-17,3.4421479e-17
3812.921899529042,5.5828226e-17,3.4974097e-17
3814.3642072213497,9.020961100000001e-17,3.5739912e-17
3815.8065149136573,1.4044705e-16,3.6647855e-17
3817.248822605965,1.3077588e-16,3.5981941e-17
3818.691130298273,6.6134579e-17,3.4551122e-17
3820.1334379905807,9.2709318e-17,3.5000084e-17
3821.575745682888,9.170365100000001e-17,3.5244399e-17
3823.018053375196,1.1627658000000001e-16,3.5783527e-17
3824.4603610675035,1.3622462e-16,3.6092411e-17
3825.902668759811,1.1227614e-16,3.536709e-17
3827.3449764521188,6.9524464e-17,3.4675483e-17
3828.787284144427,8.93848e-17,3.4941612e-17
3830.2295918367345,6.8090914e-17,3.4771119e-17
3831.6718995290416,1.1571265e-16,3.6153794e-17
3833.1142072213497,1.0788206000000001e-16,3.5698555e-17
3834.5565149136573,9.6545497e-17,3.5710635e-17
3835.998822605965,1.4143072e-16,3.634057e-17
3837.4411302982726,1.0383376e-16,3.5491459e-17
3838.8834379905807,5.8770858e-17,3.4508345e-17
3840.3257456828883,1.4046328000000002e-16,3.5971375e-17
3841.768053375196,2.2000163000000003e-16,3.6866245e-17
3843.2103610675035,1.6667799000000002e-16,3.5741522e-17
3844.652668759811,1.3419509000000001e-16,3.4890366e-17
3846.0949764521188,1.6631213000000002e-16,3.5024764e-17
3847.5372841444264,1.4154200000000001e-16,3.4601981e-17
3848.9795918367345,9.2734047e-17,3.3248636e-17
3850.421899529042,1.7308551000000001e-16,3.4268114e-17
3851.8642072213497,1.6853736e-16,3.4231855e-17
3853.3065149136573,1.5578987e-16,3.377424e-17
3854.7488226059654,1.5577614000000002e-16,3.3374661e-17
3856.1911302982726,1.0656019000000002e-16,3.2252261e-17
3857.63343799058,6.9181105e-17,3.1294996e-17
3859.0757456828883,1.0529727e-16,3.1769123e-17
3860.518053375196,1.2560657e-16,3.2174255e-17
3861.9603610675035,1.0908035000000001e-16,3.1941272e-17
3863.402668759811,1.4412025000000002e-16,3.2761335e-17
3864.844976452119,1.2349421000000002e-16,3.2540882e-17
3866.2872841444264,1.1717236e-16,3.2592027e-17
3867.729591836734,1.2967392e-16,3.3081454e-17
3869.171899529042,8.7888569e-17,3.2126775e-17
3870.6142072213497,8.0869868e-17,3.2036544e-17
3872.0565149136573,1.4627432000000002e-16,3.3070817e-17
3873.498822605965,1.5802915e-16,3.2930424e-17
3874.941130298273,1.3721148000000002e-16,3.2332866e-17
3876.38343799058,1.4921347e-16,3.256062e-17
3877.8257456828883,1.4147393000000002e-16,3.2367528e-17
3879.268053375196,1.7524924000000003e-16,3.2921146e-17
3880.7103610675035,1.6046055000000002e-16,3.2364469e-17
3882.152668759811,1.3374572e-16,3.170107e-17
3883.5949764521188,1.8178873000000002e-16,3.2126376e-17
3885.037284144427,1.9126791e-16,3.2309786e-17
3886.479591836734,2.1846032000000002e-16,3.2627408e-17
3887.921899529042,1.9671370000000002e-16,3.1895062e-17
3889.3642072213497,1.7099061e-16,3.1295346e-17
3890.806514913658,1.4177225000000002e-16,3.0770931e-17
3892.248822605965,1.3970128000000002e-16,3.0516601e-17
3893.6911302982726,1.7241712000000002e-16,3.0876259e-17
3895.1334379905807,1.8707956e-16,3.1191236e-17
3896.575745682888,1.7152199e-16,3.1136229e-17
3898.018053375196,2.4437419e-16,3.2498002e-17
3899.4603610675035,2.0124359e-16,3.185034e-17
3900.9026687598116,1.8311304000000003e-16,3.1400085e-17
3902.3449764521188,2.1239771000000003e-16,3.201562e-17
3903.7872841444264,2.1811294000000002e-16,3.2248625e-17
3905.2295918367345,2.0574680000000002e-16,3.1894327e-17
3906.6718995290416,2.0209306e-16,3.1548473e-17
3908.1142072213497,2.6871699e-16,3.2568423e-17
3909.5565149136573,2.3500950000000004e-16,3.1787193e-17
3910.9988226059654,1.9131823000000002e-16,3.1379594e-17
3912.4411302982726,2.247436e-16,3.2221674e-17
3913.8834379905807,2.1994902e-16,3.178178e-17
3915.3257456828883,2.1688015e-16,3.1683807e-17
3916.7680533751954,2.4011563000000004e-16,3.2079486000000003e-17
3918.2103610675035,2.9862004e-16,3.2893e-17
3919.652668759811,2.9575847000000003e-16,3.2699880000000003e-17
3921.094976452119,2.7798001000000003e-16,3.2475252e-17
3922.5372841444264,2.7576889000000004e-16,3.2586159e-17
3923.9795918367345,3.1617752000000004e-16,3.2914795e-17
3925.421899529042,3.7626037000000006e-16,3.3801774e-17
3926.8642072213497,3.4751591e-16,3.3299419e-17
3928.3065149136573,3.1092885e-16,3.2481405e-17
3929.748822605965,3.3106738000000005e-16,3.3153156e-17
3931.191130298273,3.5612513e-16,3.3508222000000003e-17
3932.63343799058,3.6790569000000003e-16,3.3684493e-17
3934.0757456828883,3.2510490000000005e-16,3.2998008e-17
3935.518053375196,2.8167453e-16,3.2377557e-17
3936.9603610675035,3.3330590000000003e-16,3.3212057000000003e-17
3938.402668759811,3.2385873000000003e-16,3.2763894e-17
3939.8449764521188,3.6648492000000004e-16,3.322414e-17
3941.287284144427,3.5788193e-16,3.3050586e-17
3942.729591836734,3.8733289000000005e-16,3.3624715e-17
3944.171899529042,3.659127e-16,3.3282084e-17
3945.6142072213497,3.220126e-16,3.2295781e-17
3947.0565149136573,3.8451548e-16,3.3313622e-17
3948.498822605965,4.0490337e-16,3.3584833e-17
3949.941130298273,3.9753503000000005e-16,3.3226705e-17
3951.3834379905807,3.5890361e-16,3.2674273e-17
3952.825745682888,3.6470332000000003e-16,3.2480639e-17
3954.268053375196,3.5889456e-16,3.2221526e-17
3955.7103610675035,3.6187296e-16,3.2311767e-17
3957.152668759811,3.6908952000000004e-16,3.227988e-17
3958.5949764521188,3.9536840000000004e-16,3.2541968e-17
3960.037284144427,4.0299760000000003e-16,3.2579715e-17
3961.4795918367345,3.9364628000000003e-16,3.2555887e-17
3962.921899529042,3.7247879e-16,3.233231e-17
3964.3642072213497,4.0379096e-16,3.2618033e-17
3965.8065149136573,3.9680627e-16,3.2755055e-17
3967.248822605965,3.9477752000000003e-16,3.3743997e-17
3968.6911302982726,4.5159996e-16,3.5332473e-17
3970.1334379905807,4.0166316000000003e-16,3.4869177e-17
3971.5757456828883,3.6372595000000003e-16,3.3981333000000004e-17
3973.018053375196,3.6303493000000005e-16,3.3516125e-17
3974.4603610675035,3.7006414000000004e-16,3.2458805e-17
3975.902668759811,3.1714221e-16,3.1077648e-17
3977.3449764521188,2.8789782e-16,3.0395725e-17
3978.7872841444264,3.2994744000000003e-16,3.084287e-17
3980.2295918367345,4.0010467000000003e-16,3.1914039e-17
3981.6718995290416,3.821593e-16,3.1361843e-17
3983.1142072213497,3.4957418e-16,3.0766839e-17
3984.5565149136573,3.3158555000000004e-16,3.048321e-17
3985.9988226059654,3.3384679000000003e-16,3.0617832000000003e-17
3987.4411302982726,3.1041971000000003e-16,3.0252675e-17
3988.88343799058,2.8613051000000003e-16,3.0010122e-17
3990.3257456828883,3.1814423e-16,3.0373442e-17
3991.7680533751954,3.0598742000000004e-16,3.0065098e-17
3993.2103610675035,2.7934924000000003e-16,2.947053e-17
3994.652668759811,2.3577411000000003e-16,2.856929e-17
3996.094976452119,2.4942812000000004e-16,2.8690969e-17
3997.5372841444264,2.9450226000000004e-16,2.9405503e-17
3998.9795918367345,3.0693406000000005e-16,2.9694359e-17
4000.421899529042,2.9686123000000003e-16,2.9451667e-17
4001.8642072213493,2.6781395000000004e-16,2.9004176e-17
4003.3065149136573,2.2142623000000002e-16,2.806356e-17
4004.748822605965,2.6337055000000003e-16,2.8539176e-17
4006.191130298273,3.1409758e-16,2.9330642e-17
4007.63343799058,2.9847098e-16,2.9003282e-17
4009.0757456828883,2.6730991e-16,2.8264565e-17
4010.518053375196,2.4716353e-16,2.7759201000000004e-17
4011.960361067503,2.6798156000000003e-16,2.8109879e-17
4013.402668759811,2.3029889e-16,2.7290812e-17
4014.8449764521188,2.3083525000000004e-16,2.7000575e-17
4016.287284144427,2.0530291000000002e-16,2.672487e-17
4017.729591836734,2.0524336000000002e-16,2.6698239e-17
4019.171899529042,1.9676774000000003e-16,2.6381842e-17
4020.61420722135,1.9430576000000002e-16,2.6209511e-17
4022.056514913657,2.0862718000000001e-16,2.6318905000000002e-17
4023.498822605965,2.5377782e-16,2.706768e-17
4024.941130298273,2.3304129e-16,2.6606089e-17
4026.38343799058,2.2434480000000004e-16,2.6389991000000002e-17
4027.825745682888,2.1652764000000002e-16,2.6415264e-17
4029.268053375196,1.9308845e-16,2.5909792e-17
4030.710361067504,1.9689596000000002e-16,2.5776135e-17
4032.1526687598107,1.9137959000000002e-16,2.5792344e-17
4033.5949764521188,1.8982397000000002e-16,2.5899637e-17
4035.037284144427,1.9450063000000001e-16,2.5793533e-17
4036.479591836734,1.8338986e-16,2.537034e-17
4037.9218995290416,2.2520377e-16,2.619067e-17
4039.3642072213497,2.0849916000000001e-16,2.5917565000000002e-17
4040.806514913658,2.0773041000000002e-16,2.5806325e-17
4042.2488226059645,2.1074262000000002e-16,2.5947018e-17
4043.6911302982726,2.5008166e-16,2.6499657000000002e-17
4045.1334379905807,1.7743917e-16,2.524242e-17
4046.5757456828887,1.8135183000000002e-16,2.5377855e-17
4048.0180533751954,2.1108961000000002e-16,2.5821027e-17
4049.4603610675035,1.9367124000000002e-16,2.5479589000000002e-17
4050.9026687598116,2.2692788e-16,2.6008828000000002e-17
4052.3449764521183,2.3452288000000004e-16,2.6146314e-17
4053.7872841444264,2.0577490000000002e-16,2.5519517e-17
4055.2295918367345,2.1419774000000002e-16,2.5582298e-17
4056.6718995290425,1.7827291e-16,2.5078274e-17
4058.1142072213493,1.8776167000000001e-16,2.5172293000000002e-17
4059.5565149136573,2.3219674e-16,2.5933292e-17
4060.9988226059654,2.3179732000000003e-16,2.5805811e-17
4062.441130298272,1.9561898000000002e-16,2.5204958e-17
4063.88343799058,1.6878013e-16,2.4684522e-17
4065.3257456828883,2.068624e-16,2.5192242000000002e-17
4066.7680533751964,2.0388188000000003e-16,2.5138871e-17
4068.210361067503,1.8169084000000002e-16,2.4477127e-17
4069.652668759811,1.6969606000000002e-16,2.4453113e-17
4071.094976452119,2.2863547000000003e-16,2.5410553e-17
4072.537284144426,2.2177227000000001e-16,2.5324351e-17
4073.979591836734,2.3783973000000003e-16,2.5516600000000002e-17
4075.421899529042,2.6719310000000004e-16,2.6270054e-17
4076.86420722135,2.3123054e-16,2.5706864e-17
4078.306514913657,1.9916178000000002e-16,2.5199899e-17
4079.748822605965,2.0529368e-16,2.5130077e-17
4081.191130298273,2.5311724e-16,2.5810080000000002e-17
4082.6334379905807,2.5114469e-16,2.5975517e-17
4084.075745682888,1.9003755000000002e-16,2.4946807000000002e-17
4085.518053375196,2.4639373e-16,2.6167765e-17
4086.960361067504,2.2289309e-16,2.561476e-17
4088.4026687598107,1.9421213000000002e-16,2.4985727000000002e-17
4089.8449764521188,2.1835181e-16,2.5595148e-17
4091.287284144427,1.9987550000000003e-16,2.506677e-17
4092.7295918367345,1.9759372000000002e-16,2.5081610000000002e-17
4094.1718995290416,2.2740627e-16,2.568843e-17
4095.6142072213497,1.9695395e-16,2.4804825e-17
4097.056514913657,1.7524208e-16,2.4236082e-17
4098.498822605965,1.5403927000000002e-16,2.3919732e-17
4099.941130298273,1.8332592e-16,2.4345047e-17
4101.38343799058,2.2775922e-16,2.4916032000000002e-17
4102.825745682889,1.9012494000000002e-16,2.4313849e-17
4104.268053375195,1.617962e-16,2.3773493e-17
4105.710361067503,1.7329924000000001e-16,2.3815537e-17
4107.152668759812,1.7493205000000002e-16,2.3668738e-17
4108.594976452118,1.5911566e-16,2.3394011e-17
4110.037284144427,1.6717258000000002e-16,2.3402151e-17
4111.4795918367345,1.5487443e-16,2.3242277e-17
4112.921899529042,1.4966503e-16,2.3169433e-17
4114.36420722135,1.3333518000000002e-16,2.2684936e-17
4115.806514913657,1.6990821e-16,2.3216572e-17
4117.248822605965,1.5467015e-16,2.2883297e-17
4118.6911302982735,1.5340628000000002e-16,2.3051937000000002e-17
4120.13343799058,1.6731373000000002e-16,2.3019864e-17
4121.575745682888,1.0046633e-16,2.1588161e-17
4123.018053375196,1.3813232000000001e-16,2.2543641e-17
4124.460361067503,1.6936733000000002e-16,2.3228919e-17
4125.902668759811,1.4095122e-16,2.2570601e-17
4127.344976452119,1.2863292e-16,2.2399945000000002e-17
4128.787284144427,1.4108284000000002e-16,2.2443564000000002e-17
4130.229591836734,1.373353e-16,2.2333361e-17
4131.671899529042,1.5681027e-16,2.2599705e-17
4133.11420722135,1.3787428e-16,2.2184744e-17
4134.556514913657,1.163078e-16,2.1940854e-17
4135.998822605965,1.2221017e-16,2.200808e-17
4137.441130298273,1.3603201000000002e-16,2.2073457e-17
4138.883437990581,1.2422281e-16,2.1997599e-17
4140.325745682888,1.2615897e-16,2.2032557000000002e-17
4141.768053375195,1.1015045e-16,2.1465881e-17
4143.210361067504,1.1331788e-16,2.1422252e-17
4144.652668759811,9.975149e-17,2.1155997e-17
4146.094976452118,1.1032716e-16,2.1222843e-17
4147.537284144427,1.2366604000000002e-16,2.1352208000000002e-17
4148.9795918367345,1.0332519000000001e-16,2.102193e-17
4150.421899529041,1.1446004e-16,2.1102054e-17
4151.86420722135,1.3437946e-16,2.1502422e-17
4153.306514913657,1.6304815000000002e-16,2.2166959e-17
4154.748822605966,1.7114596000000002e-16,2.2270994e-17
4156.191130298273,1.4589097000000001e-16,2.1807473e-17
4157.63343799058,1.1166598e-16,2.1102462e-17
4159.075745682889,1.0939304000000001e-16,2.0987284e-17
4160.518053375195,1.3316030000000002e-16,2.1464987e-17
4161.960361067503,1.3936327000000001e-16,2.1636299e-17
4163.402668759812,1.2249932000000002e-16,2.1283195000000002e-17
4164.844976452119,1.3396938000000002e-16,2.1551129e-17
4166.287284144426,1.5121771000000001e-16,2.2023547e-17
4167.7295918367345,1.5549685000000001e-16,2.2119e-17
4169.171899529042,1.0890851000000001e-16,2.1122277e-17
4170.614207221349,1.0260177000000001e-16,2.0894177e-17
4172.056514913657,1.4382696000000002e-16,2.1579034e-17
4173.498822605965,1.4472459000000002e-16,2.165932e-17
4174.9411302982735,1.288366e-16,2.1448279e-17
4176.38343799058,1.3771734e-16,2.1477385e-17
4177.825745682888,1.5142522000000002e-16,2.1726133e-17
4179.268053375196,1.4760204000000002e-16,2.1498128e-17
4180.710361067503,1.0869237000000001e-16,2.0708270000000002e-17
4182.152668759811,1.2781347000000002e-16,2.140236e-17
4183.594976452119,1.1459114000000002e-16,2.1067231e-17
4185.037284144427,1.3683447e-16,2.1152771e-17
4186.479591836734,1.7636452000000002e-16,2.1899607e-17
4187.921899529042,1.4005507e-16,2.1423623e-17
4189.36420722135,1.3958685000000002e-16,2.1345836e-17
4190.806514913657,1.4372118e-16,2.1239298000000002e-17
4192.248822605965,1.6521032000000002e-16,2.1554614e-17
4193.691130298273,1.6900798e-16,2.1743462e-17
4195.133437990581,1.1402863e-16,2.0792603e-17
4196.575745682888,1.1195441000000002e-16,2.0770056e-17
4198.018053375195,1.6938073000000002e-16,2.1897738e-17
4199.460361067504,1.3985102e-16,2.1288046000000002e-17
4200.902668759812,1.6451623000000002e-16,2.1497646e-17
4202.344976452118,1.4265213000000002e-16,2.1079826e-17
4203.787284144427,1.2022905e-16,2.0679076e-17
4205.2295918367345,1.3325067000000002e-16,2.0962688e-17
4206.671899529041,1.6047673000000002e-16,2.133822e-17
4208.11420722135,1.4476792000000001e-16,2.1200825e-17
4209.556514913657,1.4509582000000002e-16,2.1192796e-17
4210.998822605965,1.2611611e-16,2.0631122e-17
4212.441130298273,1.3705528000000001e-16,2.0914645e-17
4213.88343799058,1.6210288e-16,2.1569981e-17
4215.325745682889,1.6683375e-16,2.1551251e-17
4216.768053375195,1.3895239e-16,2.087624e-17
4218.210361067503,1.3926261000000002e-16,2.0912560000000002e-17
4219.652668759812,1.2781711e-16,2.0503604e-17
4221.094976452119,1.3841596e-16,2.0644993e-17
4222.537284144426,1.7832646000000003e-16,2.1456832e-17
4223.9795918367345,1.4892511e-16,2.0862011e-17
4225.421899529042,1.3749584e-16,2.0635519e-17
4226.86420722135,1.3823782e-16,2.0797205e-17
4228.306514913657,1.1998277e-16,2.0495216e-17
4229.748822605965,1.1878045000000002e-16,2.0512236000000002e-17
4231.191130298273,1.2469692000000002e-16,2.0747275e-17
4232.63343799058,1.5985002000000002e-16,2.1601221e-17
4234.075745682888,1.5440463e-16,2.1442609e-17
4235.518053375196,1.3230201e-16,2.1254702e-17
4236.960361067504,1.2304346000000002e-16,2.114627e-17
4238.402668759811,1.1363045e-16,2.0788678e-17
4239.844976452119,8.5611367e-17,2.0080734e-17
4241.287284144427,1.3707055e-16,2.0943350000000002e-17
4242.729591836734,1.360784e-16,2.0813505e-17
4244.171899529042,1.5315020000000002e-16,2.0975581e-17
4245.61420722135,1.4730544e-16,2.0841976e-17
4247.056514913657,1.3002120000000002e-16,2.0563557e-17
4248.498822605965,1.2418022000000001e-16,2.0765718e-17
4249.941130298273,1.5297665e-16,2.1211732e-17
4251.38343799058,1.5401670000000001e-16,2.1027498e-17
4252.825745682888,1.5284582000000002e-16,2.1122887e-17
4254.268053375195,1.6622969000000002e-16,2.1209806e-17
4255.710361067504,1.1083484000000001e-16,1.9980948e-17
4257.152668759812,1.126008e-16,2.0363219e-17
4258.594976452118,1.0277127000000001e-16,2.0292134e-17
4260.037284144427,1.3770876e-16,2.0824416e-17
4261.4795918367345,1.2387826000000002e-16,2.0687883e-17
4262.921899529042,1.2654388000000002e-16,2.0716211e-17
4264.36420722135,1.0771036000000001e-16,2.0586047e-17
4265.806514913657,1.2801819000000001e-16,2.0789899e-17
4267.248822605965,1.2572621000000002e-16,2.0684852000000002e-17
4268.691130298273,1.2297706000000002e-16,2.0654966e-17
4270.13343799058,1.1915093e-16,2.0606549e-17
4271.575745682888,1.4914879000000001e-16,2.1545601e-17
4273.018053375196,1.2841683e-16,2.2741138e-17
4274.460361067503,1.0191331000000001e-16,2.4239141e-17
4275.902668759812,1.3644627e-16,2.5806192e-17
4277.344976452119,9.364041900000001e-17,2.5228104e-17
4278.787284144426,1.4082133000000002e-16,2.4944978e-17
4280.2295918367345,9.515183700000001e-17,2.2402629e-17
4281.671899529042,1.0245072000000001e-16,2.1070332e-17
4283.11420722135,1.3862758000000001e-16,2.1173693e-17
4284.556514913657,1.2494676e-16,2.0792238e-17
4285.998822605965,1.0661320000000001e-16,2.0260121e-17
4287.441130298273,9.3390034e-17,2.0057186e-17
4288.88343799058,1.1989263e-16,2.0531095e-17
4290.325745682888,1.2128894000000001e-16,2.0476416e-17
4291.768053375195,1.1002532000000001e-16,2.0322116e-17
4293.210361067504,1.0642509000000001e-16,2.0188816e-17
4294.652668759811,1.3288646000000002e-16,2.066927e-17
4296.094976452119,1.3601263e-16,2.0810546e-17
4297.537284144427,1.4612284e-16,2.0880866e-17
4298.9795918367345,1.3488662e-16,2.0541304e-17
4300.421899529042,1.2294392000000002e-16,2.0319594e-17
4301.86420722135,1.2923841000000002e-16,2.0486353e-17
4303.306514913657,1.3276398e-16,2.0330916000000002e-17
4304.748822605965,1.3449715e-16,2.0212701e-17
4306.191130298273,1.2169254000000002e-16,2.0054766e-17
4307.63343799058,1.3016390000000002e-16,2.0192189e-17
4309.075745682889,1.3734179e-16,2.0318715e-17
4310.518053375195,1.3280448000000002e-16,2.0319836e-17
4311.960361067503,1.3581500000000002e-16,2.0478115e-17
4313.402668759812,1.7691845e-16,2.123605e-17
4314.844976452118,1.5085229e-16,2.0623915e-17
4316.287284144427,1.1036055000000001e-16,1.9877605000000002e-17
4317.7295918367345,1.2580859e-16,2.0332774e-17
4319.171899529042,1.5351723e-16,2.0865685e-17
4320.61420722135,1.3119957000000002e-16,2.0438873e-17
4322.056514913657,9.657769700000001e-17,1.9996697e-17
4323.498822605965,1.3607399e-16,2.0796246e-17
4324.941130298273,1.4684555000000002e-16,2.0925333e-17
4326.38343799058,1.3574083e-16,2.082939e-17
4327.825745682888,1.2814405e-16,2.0707341e-17
4329.268053375196,1.5617656e-16,2.1023421e-17
4330.710361067503,1.5081689000000002e-16,2.0891568e-17
4332.152668759811,1.4996669e-16,2.0816331e-17
4333.594976452119,1.4042683e-16,2.0773475e-17
4335.037284144427,1.3526034000000002e-16,2.0766405e-17
4336.4795918367345,1.2641975e-16,2.0634741e-17
4337.921899529042,1.1674877e-16,2.04339e-17
4339.36420722135,1.30846e-16,2.0617821000000002e-17
4340.806514913657,1.5094658000000002e-16,2.0921494e-17
4342.248822605965,1.3258159e-16,2.0507552e-17
4343.691130298273,1.1695540000000002e-16,2.0195355000000002e-17
4345.133437990581,1.4438348e-16,2.0633599e-17
4346.575745682888,1.5882646e-16,2.088746e-17
4348.018053375195,1.3277836e-16,2.0340405e-17
4349.460361067504,1.166923e-16,2.0090349e-17
4350.902668759811,1.2375443e-16,2.0111706e-17
4352.344976452118,1.2154597e-16,1.9929121e-17
4353.787284144427,1.0701041000000001e-16,1.9717679e-17
4355.2295918367345,1.3363821000000001e-16,2.0182308e-17
4356.671899529042,1.3715028000000002e-16,2.0290696e-17
4358.11420722135,1.0016977000000001e-16,1.9594115e-17
4359.556514913657,1.1861868e-16,1.9906159e-17
4360.998822605965,1.2899834e-16,2.0178418e-17
4362.441130298273,1.0678927000000001e-16,1.9745067e-17
4363.88343799058,9.1210003e-17,1.9488475e-17
4365.325745682889,1.0900513000000001e-16,1.9796038e-17
4366.768053375195,1.3852799000000002e-16,2.0145584e-17
4368.210361067503,1.5035309e-16,2.0259117e-17
4369.652668759812,1.5106203000000001e-16,2.0244100000000002e-17
4371.094976452119,1.397219e-16,2.0022731e-17
4372.537284144426,1.1962223e-16,1.9700885e-17
4373.9795918367345,1.1355318e-16,1.9443639e-17
4375.421899529042,1.0783810000000001e-16,1.9314211e-17
4376.86420722135,1.1116638e-16,1.9506771e-17
4378.306514913657,1.0519245e-16,1.9382716e-17
4379.748822605965,1.1882449e-16,1.966062e-17
4381.1911302982735,1.4074700000000002e-16,2.0053533e-17
4382.63343799058,1.2290500000000002e-16,1.9654056e-17
4384.075745682888,1.1598584000000002e-16,1.9501805e-17
4385.518053375196,1.3297505000000002e-16,1.9962671e-17
4386.960361067503,1.3855757000000002e-16,2.0023855e-17
4388.402668759811,1.2663664e-16,1.9682553e-17
4389.844976452119,1.4854472e-16,2.0147435e-17
4391.287284144427,1.6326753000000001e-16,2.0489593e-17
4392.729591836734,1.3192931e-16,2.0047753e-17
4394.171899529042,1.64972e-16,2.0491309e-17
4395.61420722135,1.5726522e-16,2.0215575e-17
4397.056514913657,1.2191444e-16,1.9729485e-17
4398.498822605965,1.3222265000000002e-16,2.0005809e-17
4399.941130298273,1.4453004000000002e-16,2.0163643000000002e-17
4401.383437990581,1.4329045e-16,2.0050239e-17
4402.825745682888,1.4345936e-16,2.0071562e-17
4404.268053375195,1.3562517e-16,1.9839427e-17
4405.710361067504,1.5621846e-16,2.0221194e-17
4407.152668759812,1.7377823e-16,2.0690055e-17
4408.594976452118,1.3738800000000001e-16,1.9954349e-17
4410.037284144427,1.5019861e-16,2.020409e-17
4411.4795918367345,1.5497573e-16,2.0275156e-17
4412.921899529041,1.4853214e-16,2.0187203e-17
4414.36420722135,1.5658922000000001e-16,2.037114e-17
4415.806514913657,1.4674215e-16,2.0163921e-17
4417.248822605965,1.5411138e-16,2.042307e-17
4418.691130298273,1.5879835000000001e-16,2.0589135e-17
4420.13343799058,1.6727943e-16,2.0607856e-17
4421.575745682889,1.7672622e-16,2.0493755e-17
4423.018053375195,1.8409756000000002e-16,2.0590986e-17
4424.460361067503,1.7043814e-16,2.0479729e-17
4425.902668759812,1.772265e-16,2.0595858e-17
4427.344976452119,1.7682103000000002e-16,2.0710603e-17
4428.787284144426,1.7559790000000002e-16,2.0644195e-17
4430.2295918367345,1.9566469000000003e-16,2.0923954e-17
4431.671899529042,2.0310329e-16,2.0981089e-17
4433.114207221349,1.8932024000000002e-16,2.057291e-17
4434.556514913657,1.9150487000000002e-16,2.0715393000000002e-17
4435.998822605965,2.2359489e-16,2.1287905e-17
4437.441130298273,2.012465e-16,2.0929584000000002e-17
4438.88343799058,2.0672278000000003e-16,2.0942526e-17
4440.325745682888,2.1986245000000001e-16,2.1079708e-17
4441.768053375196,2.3825165e-16,2.1266103e-17
4443.210361067504,2.2611343e-16,2.1218524e-17
4444.652668759811,2.2328011000000003e-16,2.1261222e-17
4446.094976452119,2.3390137e-16,2.1397691e-17
4447.537284144427,2.4797901e-16,2.1722153e-17
4448.979591836734,2.3604098e-16,2.1538901e-17
4450.421899529042,2.2375233e-16,2.1305599e-17
4451.86420722135,2.5755861000000004e-16,2.1899582e-17
4453.306514913657,2.4435842000000003e-16,2.1678897e-17
4454.748822605965,2.3352002000000004e-16,2.1545881e-17
4456.191130298273,2.4434447000000003e-16,2.1616648e-17
4457.63343799058,2.3481519e-16,2.1385335e-17
4459.075745682888,2.4861823e-16,2.1587948e-17
4460.518053375195,2.5005863e-16,2.1780567000000002e-17
4461.960361067504,2.5602934e-16,2.1795551e-17
4463.402668759812,2.5557885e-16,2.1562003e-17
4464.844976452118,2.8057572000000005e-16,2.1979483e-17
4466.287284144427,2.9279565000000004e-16,2.2185186000000002e-17
4467.7295918367345,2.8616373e-16,2.2504845000000002e-17
4469.171899529041,2.7844922e-16,2.2350706e-17
4470.61420722135,3.0658021e-16,2.2341049e-17
4472.056514913657,3.4671848e-16,2.283776e-17
4473.498822605965,3.0821755e-16,2.225008e-17
4474.941130298273,2.8193971e-16,2.1816745e-17
4476.38343799058,2.7355053000000003e-16,2.1753627000000002e-17
4477.825745682888,2.8958415e-16,2.194792e-17
4479.268053375196,2.9872030000000005e-16,2.2010909e-17
4480.710361067503,3.0574816e-16,2.2061352e-17
4482.152668759812,2.8924598e-16,2.1821796e-17
4483.594976452119,3.4382994e-16,2.2714251e-17
4485.037284144426,3.4898483e-16,2.2700652e-17
4486.4795918367345,3.3959750000000004e-16,2.2472765e-17
4487.921899529042,3.1775525000000003e-16,2.2423383e-17
4489.36420722135,2.9648567e-16,2.2067044e-17
4490.806514913657,3.1240857000000004e-16,2.2179774e-17
4492.248822605965,3.050267e-16,2.2135744000000002e-17
4493.691130298273,3.4264971e-16,2.2602306e-17
4495.13343799058,3.0617676e-16,2.2079055e-17
4496.575745682888,3.1223043e-16,2.2161631e-17
4498.018053375195,3.2854383e-16,2.2383387e-17
4499.460361067504,3.5792399000000003e-16,2.271606e-17
4500.902668759811,3.1741678000000003e-16,2.220192e-17
4502.344976452119,3.4394382000000003e-16,2.2578422000000002e-17
4503.787284144427,3.1589064e-16,2.2081479e-17
4505.229591836734,3.1616548000000004e-16,2.2010529e-17
4506.671899529042,3.4427911e-16,2.2332442e-17
4508.11420722135,3.4345717000000003e-16,2.2206049e-17
4509.556514913657,3.6454225000000004e-16,3.0333556e-17
4510.998822605965,4.513903700000001e-16,4.0222836e-17
4512.441130298273,4.524089300000001e-16,3.5153609e-17
4513.88343799058,3.9904625000000003e-16,2.5253596e-17
4515.325745682889,3.9112832e-16,2.2504674e-17
4516.768053375195,3.6829686e-16,2.2559502e-17
4518.210361067503,3.8375151000000005e-16,2.2947727e-17
4519.652668759812,4.136555e-16,2.3302496e-17
4521.094976452118,4.2291614000000003e-16,2.3462551e-17
4522.537284144427,3.8413214000000005e-16,2.2973415000000002e-17
4523.9795918367345,3.6556356e-16,2.2777704e-17
4525.421899529042,4.1222253000000006e-16,2.3290948e-17
4526.86420722135,3.9421469000000004e-16,2.3039015e-17
4528.306514913657,4.0908737000000004e-16,2.3144158e-17
4529.748822605965,3.8679535000000004e-16,2.2697059e-17
4531.191130298273,4.1315178000000004e-16,2.3007487e-17
4532.63343799058,4.0225015000000005e-16,2.2940618e-17
4534.075745682888,4.22644e-16,2.3361694e-17
4535.518053375196,4.3882681000000006e-16,2.353527e-17
4536.960361067503,4.1197808000000004e-16,2.3178321e-17
4538.402668759811,4.0861401e-16,2.3196306e-17
4539.844976452119,4.1930630000000003e-16,2.3259392e-17
4541.287284144426,3.4681354e-16,2.2258612e-17
4542.7295918367345,3.8243895000000005e-16,2.2739759e-17
4544.171899529042,4.1016255000000003e-16,2.3100803e-17
4545.61420722135,4.1234707e-16,2.3045758e-17
4547.056514913657,4.4949058e-16,2.3512385e-17
4548.498822605965,3.9736462e-16,2.288015e-17
4549.941130298273,3.8847281e-16,2.2822264e-17
4551.383437990581,4.3145352000000005e-16,2.3444789e-17
4552.825745682888,4.3762211e-16,2.3395093e-17
4554.268053375195,4.0041127000000005e-16,2.2859712e-17
4555.710361067504,3.8680000000000004e-16,2.2689855e-17
4557.152668759811,3.9207218000000003e-16,2.2597188e-17
4558.594976452118,4.1580757000000004e-16,2.2922770000000002e-17
4560.037284144427,4.2370028000000006e-16,2.3151877e-17
4561.4795918367345,3.8608498000000004e-16,2.2576589e-17
4562.921899529042,3.9835292e-16,2.2857932e-17
4564.36420722135,3.8606703e-16,2.2603263000000002e-17
4565.806514913657,3.8929931e-16,2.2743277000000002e-17
4567.248822605965,3.9643156000000003e-16,2.276419e-17
4568.691130298273,3.7647107000000004e-16,2.2521038e-17
4570.13343799058,3.6320296e-16,2.2528102000000002e-17
4571.575745682889,3.9248442e-16,2.2907218e-17
4573.018053375195,3.9658604e-16,2.3035706e-17
4574.460361067503,4.1027462e-16,2.3301402e-17
4575.902668759812,3.6458821000000005e-16,2.2427047e-17
4577.344976452118,3.2445706000000004e-16,2.1824432e-17
4578.787284144426,3.2307483e-16,2.1954367e-17
4580.2295918367345,3.3891056e-16,2.2080439e-17
4581.671899529042,3.4016494000000004e-16,2.2241385e-17
4583.11420722135,3.1463441000000004e-16,2.1790579e-17
4584.556514913657,3.3200886e-16,2.2076695e-17
4585.998822605965,3.7039864e-16,2.2620325e-17
4587.4411302982735,3.3964105000000004e-16,2.2033163000000002e-17
4588.88343799058,3.1071384e-16,2.1522214e-17
4590.325745682888,3.3638759e-16,2.1839984e-17
4591.768053375196,3.5475630000000004e-16,2.2157999e-17
4593.210361067503,3.2084303000000005e-16,2.1559606e-17
4594.652668759811,3.2831185e-16,2.157324e-17
4596.094976452119,3.3166224000000004e-16,2.1590059e-17
4597.537284144427,3.3601135e-16,2.1734974e-17
4598.979591836734,3.2311168000000003e-16,2.1456491e-17
4600.421899529042,3.0430286e-16,2.1068268e-17
4601.86420722135,3.1429168e-16,2.1277886e-17
4603.306514913657,2.9702208e-16,2.100956e-17
4604.748822605965,2.8439571000000003e-16,2.0823251e-17
4606.191130298273,3.0803097e-16,2.1295055e-17
4607.633437990581,2.7786336000000003e-16,2.0658832e-17
4609.075745682888,2.9085264e-16,2.0822782e-17
4610.518053375195,2.8451591000000003e-16,2.0625944e-17
4611.960361067504,2.9014290000000004e-16,2.0565332e-17
4613.402668759811,3.1623827e-16,2.0973523e-17
4614.844976452118,3.0959359e-16,2.0917281e-17
4616.287284144427,2.7474133e-16,2.0465103e-17
4617.7295918367345,2.8094468000000003e-16,2.0552964e-17
4619.171899529041,3.0619741000000005e-16,2.097918e-17
4620.61420722135,2.8374701e-16,2.0614093e-17
4622.056514913657,2.9514506000000003e-16,2.0783727e-17
4623.498822605965,2.8318845e-16,2.0529383000000002e-17
4624.941130298273,2.5600578e-16,1.9989713e-17
4626.38343799058,2.8592571000000003e-16,2.0444553e-17
4627.825745682889,2.8580633e-16,2.0544884e-17
4629.268053375195,3.1446013e-16,2.088051e-17
4630.710361067503,2.6609638000000004e-16,2.0097729e-17
4632.152668759812,2.3871668e-16,1.9936195e-17
4633.594976452119,2.5644897000000004e-16,2.0300170000000002e-17
4635.037284144426,2.6199039e-16,2.0389978000000002e-17
4636.4795918367345,2.6186609e-16,2.0240309000000002e-17
4637.921899529042,2.9083112000000003e-16,2.0582675e-17
4639.364207221349,2.9141859e-16,2.0523606e-17
4640.806514913657,2.9367802000000003e-16,2.0577717e-17
4642.248822605965,2.7984494000000003e-16,2.0469635e-17
4643.691130298273,2.7709354000000004e-16,2.033205e-17
4645.13343799058,2.9787179e-16,2.0669278e-17
4646.575745682888,2.8231455e-16,2.0412698e-17
4648.018053375196,2.7816567000000003e-16,2.0373933e-17
4649.460361067503,3.172725e-16,2.1071319e-17
4650.902668759811,3.1238493e-16,2.0931711e-17
4652.344976452119,3.0187288000000004e-16,2.0805497e-17
4653.787284144427,2.9207742000000003e-16,2.0806902e-17
4655.229591836734,2.6943496e-16,2.0306570000000002e-17
4656.671899529042,2.711655e-16,2.0226101000000002e-17
4658.11420722135,2.6695244000000003e-16,2.0191982e-17
4659.556514913657,2.4038676000000004e-16,1.981916e-17
4660.998822605965,2.3959034e-16,1.9902024e-17
4662.441130298273,2.4997223000000004e-16,1.9935578e-17
4663.88343799058,2.3876834000000004e-16,1.9648584e-17
4665.325745682888,2.5641167e-16,1.9923922e-17
4666.768053375195,2.8285522000000005e-16,2.0274015e-17
4668.210361067504,2.4836041000000003e-16,1.9695721e-17
4669.652668759812,2.4818367e-16,1.9674279e-17
4671.094976452118,3.0243682e-16,2.0473894e-17
4672.537284144427,2.8929905e-16,2.0244919e-17
4673.9795918367345,2.7560660000000003e-16,1.9990653e-17
4675.421899529041,2.8353819000000005e-16,2.0097796e-17
4676.86420722135,2.6902497e-16,1.9805516e-17
4678.306514913657,2.8499302e-16,2.0102798000000002e-17
4679.748822605965,3.0133324e-16,2.0300732e-17
4681.191130298273,2.8319509000000004e-16,2.0037889e-17
4682.63343799058,2.8173256000000003e-16,2.0106714e-17
4684.075745682888,2.8577581000000005e-16,2.0012152e-17
4685.518053375195,2.8407177000000003e-16,2.0059686000000002e-17
4686.960361067503,2.7615995000000004e-16,2.007362e-17
4688.402668759812,2.8018174000000003e-16,2.0190776e-17
4689.844976452119,2.7546202e-16,1.9988634e-17
4691.287284144426,2.6451283e-16,1.9727107000000002e-17
4692.7295918367345,2.591227e-16,1.9788214e-17
4694.171899529042,2.7607263000000004e-16,1.9903833e-17
4695.61420722135,2.8110329e-16,2.0043097e-17
4697.056514913657,2.6079292e-16,1.972488e-17
4698.498822605965,2.5308722000000004e-16,1.9575139e-17
4699.941130298273,2.6868203000000004e-16,1.9919275e-17
4701.38343799058,3.1575763e-16,2.042876e-17
4702.825745682888,3.0337716000000003e-16,2.0214291000000002e-17
4704.268053375195,2.3013308000000004e-16,1.9197398e-17
4705.710361067504,2.5808427e-16,1.9727073e-17
4707.152668759811,3.0372330000000003e-16,2.0391817e-17
4708.594976452119,2.8582923000000004e-16,2.0154012e-17
4710.037284144427,2.6968949000000004e-16,1.9866413e-17
4711.479591836734,2.7555268e-16,1.9925865e-17
4712.921899529042,2.7958096e-16,1.9975844e-17
4714.36420722135,2.796547e-16,2.0040038e-17
4715.806514913657,2.9363231000000003e-16,2.0176689e-17
4717.248822605965,3.0288998000000003e-16,2.0255269000000002e-17
4718.691130298273,2.9852371000000004e-16,2.0255188e-17
4720.13343799058,2.9882878000000004e-16,2.0289362e-17
4721.575745682888,2.9263379000000004e-16,2.0127237e-17
4723.018053375195,2.9905936000000004e-16,2.0202336e-17
4724.460361067503,3.0533013000000005e-16,2.0374066e-17
4725.902668759812,3.1416232000000004e-16,2.0577372e-17
4727.344976452118,3.1571793e-16,2.0699272e-17
4728.787284144427,3.3401921000000005e-16,2.091532e-17
4730.2295918367345,3.5875289000000003e-16,2.1332626e-17
4731.671899529042,3.369978e-16,2.1096669e-17
4733.11420722135,3.0137795e-16,2.051248e-17
4734.556514913657,3.1462967e-16,2.0698076000000002e-17
4735.998822605965,3.4416709e-16,2.1015224e-17
4737.441130298273,3.973917e-16,2.1620099e-17
4738.88343799058,3.5238744e-16,2.1073641000000002e-17
4740.325745682888,3.4797948000000003e-16,2.1138961e-17
4741.768053375196,3.6577866000000004e-16,2.1400885e-17
4743.210361067503,3.6127964000000004e-16,2.1341761e-17
4744.652668759811,3.8320877000000004e-16,2.1725067e-17
4746.094976452119,3.8220570000000004e-16,2.1663191e-17
4747.537284144426,3.8200394000000003e-16,2.163778e-17
4748.9795918367345,4.0527501e-16,2.1916262e-17
4750.421899529042,4.2030603000000004e-16,2.2051186e-17
4751.86420722135,3.8152775e-16,2.1473137e-17
4753.306514913657,3.413065e-16,2.0848239e-17
4754.748822605965,3.5822884e-16,2.1125715e-17
4756.191130298273,3.9066144e-16,2.1533788e-17
4757.63343799058,4.0421063000000005e-16,2.1599055e-17
4759.075745682888,4.1257633e-16,2.1813206e-17
4760.518053375195,3.936335e-16,2.117139e-17
4761.960361067504,4.1837996e-16,2.1621255e-17
4763.402668759811,4.1340822e-16,2.1644432e-17
4764.844976452118,3.9410543000000004e-16,2.1363937e-17
4766.287284144427,3.9086589000000003e-16,2.1393341000000002e-17
4767.7295918367345,4.1768073000000003e-16,2.1833592e-17
4769.171899529042,4.2330106000000005e-16,2.1897642e-17
4770.61420722135,4.2695127000000003e-16,2.1913755e-17
4772.056514913657,4.487400000000001e-16,2.2189286e-17
4773.498822605965,4.1695679e-16,2.1588852e-17
4774.941130298273,3.9319714000000003e-16,2.1218887e-17
4776.38343799058,4.1341092000000003e-16,2.1467657e-17
4777.825745682889,4.0999129000000005e-16,2.1315733e-17
4779.268053375195,3.9160168000000004e-16,2.1053574e-17
4780.710361067503,3.9566031000000005e-16,2.115911e-17
4782.152668759812,4.0280533000000003e-16,2.1299952e-17
4783.594976452118,4.0039337e-16,2.130949e-17
4785.037284144426,3.9623039e-16,2.1224272e-17
4786.4795918367345,3.9506069000000003e-16,2.1229085e-17
4787.921899529042,3.9936497000000004e-16,2.1219666e-17
4789.36420722135,4.0095350000000005e-16,2.120744e-17
4790.806514913657,3.8656127000000003e-16,2.3227128e-17
4792.248822605965,3.8983148000000005e-16,2.6251151000000002e-17
4793.691130298273,4.0313781000000003e-16,2.2970852e-17
4795.13343799058,3.8529316e-16,2.0723002e-17
4796.575745682888,3.9689042000000005e-16,2.0984447e-17
4798.018053375196,3.8939455e-16,2.0947838000000002e-17
4799.460361067503,3.8789850000000003e-16,2.089092e-17
4800.902668759811,3.6867122e-16,2.0603574e-17
4802.344976452119,3.6986882000000005e-16,2.0686026000000002e-17
4803.787284144427,3.9159829000000005e-16,2.105226e-17
4805.229591836734,3.6953157e-16,2.063302e-17
4806.671899529042,3.4646842000000003e-16,2.0315582e-17
4808.11420722135,3.5169491e-16,2.0467293e-17
4809.556514913657,3.5821584000000004e-16,2.0414158e-17
4810.998822605965,3.4824404000000003e-16,2.0274511e-17
4812.441130298273,3.4683725000000003e-16,2.0267861e-17
4813.883437990581,3.7419073000000004e-16,2.0587038e-17
4815.325745682888,3.6768808e-16,2.0485699e-17
4816.768053375195,3.3230294e-16,2.0044363e-17
4818.210361067504,3.767174e-16,2.064251e-17
4819.652668759811,3.9171457e-16,2.0770707e-17
4821.094976452118,3.6345345000000004e-16,2.0337129e-17
4822.537284144427,3.5856522000000005e-16,2.037336e-17
4823.9795918367345,3.5557964e-16,2.0327266e-17
4825.421899529041,3.4759318e-16,1.9994296e-17
4826.86420722135,3.4756636e-16,1.9917422e-17
4828.306514913657,3.6373734000000005e-16,2.0142472e-17
4829.748822605965,3.7294188e-16,2.036148e-17
4831.191130298273,3.6916038000000005e-16,2.0388816e-17
4832.63343799058,3.7973342000000003e-16,2.0466136e-17
4834.075745682889,3.8478851e-16,2.0463225e-17
4835.518053375195,3.8264981000000005e-16,2.0523908e-17
4836.960361067503,3.6298215000000004e-16,2.0192909e-17
4838.402668759812,3.6901819e-16,2.0258868e-17
4839.844976452119,3.8146431000000005e-16,2.0345867e-17
4841.287284144426,3.7113056000000003e-16,2.0240786000000002e-17
4842.7295918367345,3.3620453000000004e-16,1.9857625e-17
4844.171899529042,3.4479567000000004e-16,1.9904949000000002e-17
4845.614207221349,3.9389986000000003e-16,2.0660222e-17
4847.056514913657,4.0087131000000005e-16,2.0643622000000002e-17
4848.498822605965,4.0354484e-16,2.060736e-17
4849.9411302982735,3.8564825000000003e-16,2.0379713e-17
4851.38343799058,3.7366649000000006e-16,2.0292066e-17
4852.825745682888,3.4690639e-16,1.9918779000000002e-17
4854.268053375196,3.4903343000000005e-16,1.9944213e-17
4855.710361067503,3.5106903000000003e-16,1.9950695e-17
4857.152668759811,3.7034189e-16,2.019387e-17
4858.594976452119,3.9568662000000004e-16,2.0565872e-17
4860.037284144427,3.7840239e-16,2.0326749e-17
4861.479591836734,3.6486296000000004e-16,2.0084143e-17
4862.921899529042,3.8678629000000005e-16,2.0334783e-17
4864.36420722135,3.8944513000000004e-16,2.0366838000000002e-17
4865.806514913656,3.7324300000000003e-16,2.0213712e-17
4867.248822605965,3.7108881000000005e-16,2.0166495e-17
4868.691130298273,3.6518566e-16,2.0122633e-17
4870.133437990581,3.5841132000000005e-16,1.9982586e-17
4871.575745682888,3.5311348000000005e-16,1.9873893e-17
4873.018053375195,3.4149597e-16,1.9720055e-17
4874.460361067504,3.2982550000000005e-16,1.9637287e-17
4875.902668759812,3.6266489e-16,2.0069047e-17
4877.344976452118,3.7868074000000004e-16,2.0399907e-17
4878.787284144427,3.4153893e-16,2.0011112e-17
4880.2295918367345,3.3011211e-16,2.0027216e-17
4881.671899529041,3.5822434000000004e-16,2.0418998e-17
4883.11420722135,3.4258541000000005e-16,2.0307678e-17
4884.556514913657,3.1620539e-16,2.0071674e-17
4885.998822605965,3.3987628000000004e-16,2.0398549e-17
4887.441130298273,3.4857973000000003e-16,2.0576337e-17
4888.88343799058,3.1328684000000004e-16,2.013615e-17
4890.325745682888,3.1296422000000004e-16,2.0197389e-17
4891.768053375195,3.4654971000000003e-16,2.066419e-17
4893.210361067503,3.5083514000000003e-16,2.0560138e-17
4894.652668759812,3.3892642e-16,2.0219108e-17
4896.094976452119,3.1538311000000004e-16,1.9714879e-17
4897.537284144426,3.1782526000000004e-16,1.9626544e-17
4898.9795918367345,3.1723054000000003e-16,1.9745599e-17
4900.421899529042,3.0995913e-16,1.9632746e-17
4901.864207221349,3.2580026000000004e-16,1.9638968000000002e-17
4903.306514913657,3.4082864e-16,1.9693514e-17
4904.748822605965,3.3706300000000005e-16,1.9508136e-17
4906.191130298273,3.2892526e-16,1.936155e-17
4907.63343799058,3.125708e-16,1.9125785e-17
4909.075745682888,3.3586558000000003e-16,1.9410944e-17
4910.518053375195,3.4481094e-16,1.9555499e-17
4911.960361067504,3.4936064000000005e-16,1.9668823e-17
4913.402668759811,3.6727351e-16,1.9964934e-17
4914.844976452119,3.5508579000000004e-16,1.9669136e-17
4916.287284144427,3.1312153e-16,1.8995517e-17
4917.729591836734,2.8541596000000005e-16,1.9537201e-17
4919.171899529042,2.777016e-16,1.8909987e-17
4920.61420722135,3.180322e-16,1.9025108e-17
4922.056514913657,3.2506856000000004e-16,1.9076855e-17
4923.498822605965,2.8728001e-16,1.8643890000000002e-17
4924.941130298273,3.0411177e-16,1.8980363e-17
4926.38343799058,3.264456e-16,1.917662e-17
4927.825745682888,3.1780904e-16,1.8970122e-17
4929.268053375195,3.1316574000000005e-16,1.8956384e-17
4930.710361067503,3.0489139e-16,1.8964017e-17
4932.152668759812,3.0929522000000004e-16,1.8994568e-17
4933.594976452118,3.1250521000000005e-16,1.8938094e-17
4935.037284144427,2.9470449e-16,1.8707181e-17
4936.4795918367345,2.8223299e-16,1.8532179e-17
4937.921899529041,2.8168007e-16,1.8516327e-17
4939.36420722135,2.8659185e-16,1.8581751000000002e-17
4940.806514913657,3.1777007e-16,1.8994546e-17
4942.248822605965,3.2234141e-16,1.9035744e-17
4943.691130298273,2.776929e-16,1.8271639000000002e-17
4945.13343799058,2.5751612e-16,1.8031218e-17
4946.575745682888,2.7125878e-16,1.8279504e-17
4948.018053375196,2.8925537000000004e-16,1.8474272000000002e-17
4949.460361067503,2.8213111e-16,1.8436293e-17
4950.902668759811,2.5972799e-16,1.8225649000000002e-17
4952.344976452119,2.6221702000000004e-16,1.8182953e-17
4953.787284144426,2.6742180000000004e-16,1.8191975e-17
4955.2295918367345,2.7791485000000003e-16,1.8325986e-17
4956.671899529042,2.5162638e-16,1.7966182000000002e-17
4958.11420722135,2.3348355e-16,1.7643775e-17
4959.556514913657,2.5756250000000003e-16,1.8111589e-17
4960.998822605965,2.8185434000000004e-16,1.8483814e-17
4962.441130298273,2.8215642000000004e-16,1.8434491e-17
4963.88343799058,2.9091328000000003e-16,1.8534524e-17
4965.325745682888,2.7131095000000004e-16,1.8262709e-17
4966.768053375195,2.5572581000000003e-16,1.8045894e-17
4968.210361067504,2.4235203e-16,1.7941492e-17
4969.652668759811,2.3905544e-16,1.7824198e-17
4971.094976452118,2.6291037e-16,1.807625e-17
4972.537284144427,2.4796598e-16,1.7873328e-17
4973.979591836734,2.3545705e-16,1.7687697000000002e-17
4975.421899529042,2.5097576e-16,1.7984069e-17
4976.86420722135,2.4835461000000004e-16,1.8002493e-17
4978.306514913657,2.3998275e-16,1.7769203e-17
4979.748822605965,2.5941676e-16,1.8063013e-17
4981.191130298273,2.5550095000000004e-16,1.7952161e-17
4982.63343799058,2.3110468000000004e-16,1.7598301e-17
4984.075745682889,2.4126770000000004e-16,1.7791323e-17
4985.518053375195,2.6286646e-16,1.8209346e-17
4986.960361067503,2.5102528e-16,1.8142361e-17
4988.402668759812,2.1365837000000003e-16,1.7720359e-17
4989.844976452118,2.1921575000000002e-16,1.7833529e-17
4991.287284144426,2.44608e-16,1.8120910000000002e-17
4992.7295918367345,2.1625647e-16,1.7583838e-17
4994.171899529042,2.0780209000000001e-16,1.7341784e-17
4995.61420722135,2.2781282000000003e-16,1.7429013e-17
4997.056514913657,2.3590222000000004e-16,1.7531241e-17
4998.498822605965,2.4349360000000003e-16,1.7704701e-17
4999.941130298273,2.2713713e-16,1.7478793000000002e-17
5001.38343799058,2.2656154e-16,1.7536969e-17
5002.825745682888,2.4022029000000003e-16,1.7696438e-17
5004.268053375196,2.2694075e-16,1.7360043e-17
5005.710361067503,2.2218947e-16,1.7299663000000002e-17
5007.152668759811,2.241899e-16,1.7454322e-17
5008.594976452119,2.0520401000000003e-16,1.6989765e-17
5010.037284144426,2.0858898000000001e-16,1.6944628e-17
5011.479591836734,2.1730101000000002e-16,1.703872e-17
5012.921899529042,2.2284031000000003e-16,1.7081055e-17
5014.36420722135,2.1066538000000002e-16,1.6987952e-17
5015.806514913657,1.9398641000000003e-16,1.6764661e-17
5017.248822605965,2.0196090000000002e-16,1.6863389e-17
5018.691130298273,2.1357056e-16,1.7106946000000002e-17
5020.133437990581,2.2601285000000003e-16,1.7251773000000002e-17
5021.575745682888,2.2817352000000002e-16,1.7206525e-17
5023.018053375195,2.0439200000000001e-16,1.682528e-17
5024.460361067504,2.1756612e-16,1.709102e-17
5025.902668759811,2.3104581000000004e-16,1.7192418e-17
5027.344976452118,2.0765239000000002e-16,1.6790117e-17
5028.787284144427,2.2386072e-16,1.7070543e-17
5030.2295918367345,2.1925398e-16,1.6979e-17
5031.671899529041,1.9969900000000003e-16,1.6701367e-17
5033.11420722135,1.8258178000000003e-16,1.6472612e-17
5034.556514913657,1.9494728000000001e-16,1.6593286e-17
5035.998822605965,2.1485254000000002e-16,1.694479e-17
5037.441130298273,2.2310760000000003e-16,1.721838e-17
5038.88343799058,2.2758354e-16,1.7253122e-17
5040.325745682889,2.4128281000000003e-16,1.744189e-17
5041.768053375195,2.3814165e-16,1.7376562e-17
5043.210361067503,2.3402215e-16,1.7199097e-17
5044.652668759812,2.1703974000000002e-16,1.7050501e-17
5046.094976452118,2.2639243e-16,1.7261413e-17
5047.537284144426,2.4166009e-16,1.7494384e-17
5048.9795918367345,2.1291616000000002e-16,1.7099182000000002e-17
5050.421899529042,2.2469087e-16,1.7217992e-17
5051.864207221349,2.7504327000000003e-16,1.7977463e-17
5053.306514913657,2.5578015e-16,1.7861938e-17
5054.748822605965,2.3198933e-16,1.7685847e-17
5056.1911302982735,2.6320977000000003e-16,1.8238489e-17
5057.63343799058,2.7296251000000004e-16,1.8242012e-17
5059.075745682888,2.5518395e-16,1.7869107e-17
5060.518053375196,2.4008471000000004e-16,1.7594686e-17
5061.960361067503,2.2139449000000001e-16,1.7287623e-17
5063.402668759811,2.1778469000000003e-16,1.7131765e-17
5064.844976452119,2.4285184e-16,1.747577e-17
5066.287284144427,2.6325247000000004e-16,1.7700737e-17
5067.729591836734,2.8153742e-16,1.7793489e-17
5069.171899529042,2.8175595e-16,1.776446e-17
5070.61420722135,2.6107559e-16,1.7435736e-17
5072.056514913656,2.5313111000000003e-16,1.7192366e-17
5073.498822605965,2.5369651e-16,1.724137e-17
5074.941130298273,2.4458818000000003e-16,1.7162328000000002e-17
5076.383437990581,2.3204007e-16,1.7002084e-17
5077.825745682888,2.4049102e-16,1.7163415e-17
5079.268053375195,2.669422e-16,1.7591534e-17
5080.710361067504,2.6615498000000004e-16,1.7542044e-17
5082.152668759811,2.5776480000000004e-16,1.7333139e-17
5083.594976452118,2.5891150000000003e-16,1.732634e-17
5085.037284144427,2.5502169000000004e-16,1.7229219e-17
5086.4795918367345,2.7264956000000003e-16,1.7489965000000002e-17
5087.921899529041,2.8373494000000003e-16,1.7746611e-17
5089.36420722135,2.7542886000000003e-16,1.7717034e-17
5090.806514913657,2.5856025e-16,1.7538613e-17
5092.248822605965,2.7623581000000004e-16,1.7785264e-17
5093.691130298273,3.0046032000000005e-16,1.8112385e-17
5095.13343799058,2.9397967e-16,1.7968241e-17
5096.575745682889,2.8557808000000005e-16,1.7859934e-17
5098.018053375195,2.7931473000000003e-16,1.7909015e-17
5099.460361067503,2.7936560000000004e-16,1.8056110000000002e-17
5100.902668759812,2.9594979000000004e-16,1.8351094e-17
5102.344976452119,2.7867649e-16,1.8045369e-17
5103.787284144426,2.5911725e-16,1.772874e-17
5105.2295918367345,2.8161053e-16,1.7979599e-17
5106.671899529042,2.8572872000000004e-16,1.7931672e-17
5108.114207221349,2.6948816e-16,1.766974e-17
5109.556514913657,2.6408420000000003e-16,1.754522e-17
5110.998822605965,2.5886216000000003e-16,1.7420297e-17
5112.441130298273,2.560773e-16,1.7396601e-17
5113.88343799058,2.7363177000000005e-16,1.771673e-17
5115.325745682888,2.9842382000000003e-16,1.8040777e-17
5116.768053375196,2.9292943e-16,1.7920997e-17
5118.210361067503,2.7908039e-16,1.7678141e-17
5119.652668759811,2.7460260000000004e-16,1.7604345e-17
5121.094976452119,2.7571359000000004e-16,1.7736863e-17
5122.537284144427,2.8013754e-16,1.7975783e-17
5123.979591836734,2.7442533e-16,1.7870128e-17
5125.421899529042,2.5411227000000004e-16,1.7487106e-17
5126.86420722135,2.5370513e-16,1.7416271e-17
5128.306514913657,2.7129287000000004e-16,1.7564055e-17
5129.748822605965,2.7853315000000004e-16,1.7628962e-17
5131.191130298273,2.9285029e-16,1.7885184e-17
5132.63343799058,2.7657545000000003e-16,1.7685953e-17
5134.075745682888,2.7047316e-16,1.7579915e-17
5135.518053375195,2.8761732e-16,1.7816435e-17
5136.960361067504,2.8403606000000005e-16,1.7832648e-17
5138.402668759812,2.8194008000000004e-16,1.7788351e-17
5139.844976452118,2.8084796000000004e-16,1.7739411e-17
5141.287284144427,2.7444982000000003e-16,1.7660324e-17
5142.7295918367345,2.8503204000000005e-16,1.7778924e-17
5144.171899529041,2.8370646000000003e-16,1.7718136e-17
5145.61420722135,2.8002764e-16,1.7631241e-17
5147.056514913657,2.9797854000000003e-16,1.7899858e-17
5148.498822605965,2.9699281e-16,1.7892246e-17
5149.941130298273,2.7094803e-16,1.7521306e-17
5151.38343799058,2.7520394000000004e-16,1.7666516e-17
5152.825745682888,2.9255184e-16,1.791748e-17
5154.268053375195,2.9459885e-16,1.7862564e-17
5155.710361067503,2.8680798000000004e-16,1.7806062e-17
5157.152668759812,2.7131254e-16,1.7695313e-17
5158.594976452119,2.8576666e-16,1.791404e-17
5160.037284144426,3.1511775000000004e-16,1.8223654e-17
5161.4795918367345,3.1070087000000004e-16,1.806209e-17
5162.921899529042,2.9791557000000003e-16,1.7847336e-17
5164.36420722135,2.9056907000000003e-16,1.7654581e-17
5165.806514913657,2.7815514e-16,1.7432935e-17
5167.248822605965,2.7798660000000003e-16,1.7475903e-17
5168.691130298273,2.889034e-16,1.7587343e-17
5170.13343799058,2.9665712000000005e-16,1.7638846e-17
5171.575745682888,2.9363530000000003e-16,1.7606549000000002e-17
5173.018053375195,2.9198623000000003e-16,1.7624498e-17
5174.460361067504,2.8790658e-16,1.7662074e-17
5175.902668759811,2.9415061000000005e-16,1.7777532e-17
5177.344976452118,3.0701434000000004e-16,1.7963434e-17
5178.787284144427,2.963786e-16,1.786929e-17
5180.229591836734,2.9300217000000003e-16,1.7806078e-17
5181.671899529042,3.1734952e-16,1.8075761e-17
5183.11420722135,3.365683e-16,1.8354106e-17
5184.556514913657,3.4386528e-16,1.856792e-17
5185.998822605965,3.3758578000000005e-16,1.8467832e-17
5187.441130298273,3.2527852000000005e-16,1.8214295e-17
5188.88343799058,3.1103923e-16,1.8037816e-17
5190.325745682888,2.8519975000000003e-16,1.7721215e-17
5191.768053375195,3.0628553e-16,1.7998904000000002e-17
5193.210361067503,3.1533279000000003e-16,1.8095039e-17
5194.652668759812,2.8627837000000004e-16,1.7669546e-17
5196.094976452118,2.9883246e-16,1.7818137e-17
5197.537284144426,3.1333215e-16,1.8063153e-17
5198.9795918367345,3.2821561000000004e-16,1.8282422e-17
5200.421899529042,3.4467454e-16,1.8481699e-17
5201.86420722135,3.2335790000000003e-16,1.8174352e-17
5203.306514913657,3.218627e-16,1.8177361e-17
5204.748822605965,3.4472632e-16,1.8502586e-17
5206.191130298273,3.4249618000000004e-16,1.8463825e-17
5207.63343799058,3.4666226000000003e-16,1.8600561000000002e-17
5209.075745682888,3.3801869e-16,1.8523447e-17
5210.518053375196,3.0764025e-16,1.8062363e-17
5211.960361067503,3.1551906e-16,1.8135155e-17
5213.402668759811,3.5360775000000005e-16,1.8654503e-17
5214.844976452119,3.6620212000000003e-16,1.8777271e-17
5216.287284144426,3.6673930000000005e-16,1.8809875000000002e-17
5217.729591836734,3.6277182000000004e-16,1.8839528e-17
5219.171899529042,3.6243653e-16,1.8838201e-17
5220.61420722135,3.7237112e-16,1.8908512e-17
5222.056514913657,3.7200088e-16,1.8933701e-17
5223.498822605965,3.5111845e-16,1.8654887e-17
5224.941130298273,3.5536537000000004e-16,1.8637042e-17
5226.38343799058,3.6739429e-16,1.8757774e-17
5227.825745682888,3.6186277e-16,1.8658716e-17
5229.268053375195,3.6549231000000003e-16,1.8747365e-17
5230.710361067504,3.8668023e-16,1.906056e-17
5232.152668759811,4.056625e-16,1.9292097e-17
5233.594976452118,4.0941533000000006e-16,1.9317086e-17
5235.037284144427,4.1323238000000003e-16,1.933023e-17
5236.4795918367345,4.1034416e-16,1.9299996e-17
5237.921899529041,4.0912983000000003e-16,1.9330684e-17
5239.36420722135,4.0918947000000005e-16,1.9338658e-17
5240.806514913657,3.9529027e-16,1.9132917e-17
5242.248822605965,3.8567215e-16,1.8988919e-17
5243.691130298273,3.6452886000000004e-16,1.8675791e-17
5245.13343799058,3.6225193e-16,1.8629011e-17
5246.575745682889,3.9431668e-16,1.9077327e-17
5248.018053375195,3.9953091000000004e-16,1.9199562e-17
5249.460361067503,4.0461456000000005e-16,1.9307382e-17
5250.902668759812,4.1101384000000005e-16,1.9354292e-17
5252.344976452118,3.8824462000000003e-16,1.9073608e-17
5253.787284144426,3.8371792000000003e-16,1.9016943e-17
5255.2295918367345,4.2295232000000003e-16,1.9477828e-17
5256.671899529042,4.3156215e-16,1.9620775e-17
5258.114207221349,4.1812259000000005e-16,1.9364865e-17
5259.556514913657,4.3043626000000003e-16,1.9446687000000002e-17
5260.998822605965,4.3014363000000006e-16,1.9485183e-17
5262.441130298273,4.1525346e-16,1.9204141e-17
5263.88343799058,3.9026440000000005e-16,1.8766542e-17
5265.325745682888,3.8427841000000004e-16,1.8716137e-17
5266.768053375196,3.9139810000000006e-16,1.8850281e-17
5268.210361067503,3.9419831000000003e-16,1.8872735e-17
5269.652668759811,4.1067331e-16,1.9094539e-17
5271.094976452119,4.3574112000000005e-16,1.9474747e-17
5272.537284144427,4.3574289000000003e-16,1.9529984000000002e-17
5273.979591836734,4.2495593000000005e-16,1.9391346000000002e-17
5275.421899529042,4.1412354e-16,1.9157953e-17
5276.86420722135,4.1029662000000005e-16,1.9021871e-17
5278.306514913656,4.2158519000000004e-16,1.9174472e-17
5279.748822605965,4.2082275000000005e-16,1.9205112e-17
5281.191130298273,3.9982838000000003e-16,1.8938249e-17
5282.633437990581,4.0299776000000005e-16,1.8934030000000002e-17
5284.075745682888,4.0976061e-16,1.8990142e-17
5285.518053375195,3.9793235e-16,1.8806139e-17
5286.960361067504,4.0210872e-16,1.8898739e-17
5288.402668759811,4.1162260000000005e-16,1.9013766e-17
5289.844976452118,4.1483822000000003e-16,1.9006607e-17
5291.287284144427,4.1273909000000004e-16,1.8988223e-17
5292.7295918367345,4.0261665000000003e-16,1.8752281e-17
5294.171899529041,3.9671789000000005e-16,1.8638209e-17
5295.61420722135,4.1434520000000004e-16,1.8957078e-17
5297.056514913657,4.1406888000000005e-16,1.8934631e-17
5298.498822605964,4.1313243000000003e-16,1.8854735000000002e-17
5299.941130298273,4.0650448000000003e-16,1.8743509e-17
5301.38343799058,3.919367e-16,1.8550863e-17
5302.825745682889,4.0915683000000005e-16,1.8805542000000002e-17
5304.268053375195,4.1476255000000004e-16,1.8854788e-17
5305.710361067503,4.1083115000000005e-16,1.8815853e-17
5307.152668759812,3.9731007000000003e-16,1.864286e-17
5308.594976452119,3.9732476000000005e-16,1.8588617e-17
5310.037284144426,4.2438376e-16,1.897048e-17
5311.4795918367345,4.285024e-16,1.9056464e-17
5312.921899529042,4.1090889000000006e-16,1.8875224e-17
5314.364207221349,4.048215e-16,1.8834011e-17
5315.806514913657,4.1754119000000006e-16,1.8981150000000002e-17
5317.248822605965,4.4204341000000006e-16,1.9238179e-17
5318.691130298273,4.4362472000000004e-16,1.9226278e-17
5320.13343799058,4.3191626000000006e-16,1.9064707e-17
5321.575745682888,4.2327078000000003e-16,1.8933481e-17
5323.018053375196,4.0501876000000005e-16,1.8698532e-17
5324.460361067503,4.2129079000000004e-16,1.8938114000000002e-17
5325.902668759811,4.4396186000000003e-16,1.9226689e-17
5327.344976452119,4.465700600000001e-16,1.9210561e-17
5328.787284144427,4.604907900000001e-16,1.9328156000000002e-17
5330.229591836734,4.682819e-16,1.9403296e-17
5331.671899529042,4.8646833e-16,1.9611594e-17
5333.11420722135,5.068833100000001e-16,1.9877413e-17
5334.556514913656,4.7780271e-16,1.9571029e-17
5335.998822605965,4.642654300000001e-16,1.9403786e-17
5337.441130298273,5.1975535e-16,2.0069724e-17
5338.88343799058,5.225549000000001e-16,2.0058442e-17
5340.325745682888,4.881953800000001e-16,1.9657783e-17
5341.768053375195,5.027185000000001e-16,1.9870822e-17
5343.210361067504,5.255201000000001e-16,2.0099775e-17
5344.652668759812,5.4040946e-16,2.0233449e-17
5346.094976452118,5.229225100000001e-16,2.0020544e-17
5347.537284144427,4.8686157e-16,1.9568836e-17
5348.9795918367345,4.966435300000001e-16,1.9716597000000002e-17
5350.421899529041,5.126476900000001e-16,1.9876833e-17
5351.86420722135,5.2478207e-16,1.99496e-17
5353.306514913657,5.3645455e-16,2.022182e-17
5354.748822605965,5.1115003e-16,2.0543637e-17
5356.191130298273,5.2466174e-16,2.1591842e-17
5357.63343799058,5.561006400000001e-16,2.2479466e-17
5359.075745682888,5.454693700000001e-16,2.2439388e-17
5360.518053375195,5.5334656e-16,2.2154685e-17
5361.960361067503,5.5745054e-16,2.1393121e-17
5363.402668759812,5.575302100000001e-16,2.0656843e-17
5364.844976452119,5.7669322e-16,2.0609634e-17
5366.287284144426,5.626117800000001e-16,2.042131e-17
5367.7295918367345,5.5917415e-16,2.0343679e-17
5369.171899529042,5.8053595e-16,2.0572763e-17
5370.614207221349,5.7484542e-16,2.0460507e-17
5372.056514913657,5.6121523e-16,2.0260341e-17
5373.498822605965,5.6671353e-16,2.0326117e-17
5374.941130298273,5.842819000000001e-16,2.0473814e-17
5376.38343799058,6.1029364e-16,2.0738405e-17
5377.825745682888,6.1260986e-16,2.0837581e-17
5379.268053375195,5.840544200000001e-16,2.0579565e-17
5380.710361067504,5.719637100000001e-16,2.0434894e-17
5382.152668759811,5.7941098e-16,2.0481826e-17
5383.594976452119,5.958950400000001e-16,2.0617184e-17
5385.037284144427,5.920595700000001e-16,2.0561866e-17
5386.479591836734,5.663113000000001e-16,2.0199437e-17
5387.921899529042,5.871132600000001e-16,2.0342391e-17
5389.36420722135,5.988482700000001e-16,2.0516303e-17
5390.806514913657,5.9536569e-16,2.045537e-17
5392.248822605965,6.0047563e-16,2.0451968e-17
5393.691130298273,5.8056321e-16,2.0289474e-17
5395.13343799058,5.9108876e-16,2.0402322e-17
5396.575745682888,6.096220500000001e-16,2.0601682e-17
5398.018053375195,5.9809759e-16,2.0472815e-17
5399.460361067503,5.9962362e-16,2.0418345e-17
5400.902668759812,5.911340800000001e-16,2.0295804e-17
5402.344976452118,5.9304954e-16,2.0304605e-17
5403.787284144427,6.007531900000001e-16,2.0392734e-17
5405.2295918367345,5.967095100000001e-16,2.0347307e-17
5406.671899529041,5.8178114000000005e-16,2.0181327e-17
5408.11420722135,5.837173e-16,2.0262994e-17
5409.556514913657,5.8561121e-16,2.0319317e-17
5410.998822605965,5.729373200000001e-16,2.0199777e-17
5412.441130298273,5.696900100000001e-16,2.0159855e-17
5413.88343799058,5.7940145e-16,2.0184205e-17
5415.325745682888,6.0592571000000005e-16,2.0472776e-17
5416.768053375196,5.8219984e-16,2.0305630000000002e-17
5418.210361067503,5.6355124e-16,2.0110499e-17
5419.652668759811,5.746302700000001e-16,2.0173591000000002e-17
5421.094976452119,5.7623043e-16,2.0093077e-17
5422.537284144426,5.6752478e-16,1.9941476e-17
5423.9795918367345,5.624786900000001e-16,1.9893255e-17
5425.421899529042,5.530494600000001e-16,1.974922e-17
5426.86420722135,5.621072100000001e-16,1.9868438e-17
5428.306514913657,5.901887300000001e-16,2.0208623000000002e-17
5429.748822605965,5.7834732e-16,2.0041365e-17
5431.191130298273,5.659000700000001e-16,1.9910542e-17
5432.63343799058,5.718287700000001e-16,1.9952583e-17
5434.075745682888,5.544777700000001e-16,1.9720222e-17
5435.518053375195,5.4330086e-16,1.9671786e-17
5436.960361067504,5.4147322e-16,1.9730865e-17
5438.402668759811,5.5551809000000005e-16,1.9889754e-17
5439.844976452118,5.800103600000001e-16,2.0138841e-17
5441.287284144427,5.5647836e-16,1.980978e-17
5442.729591836734,5.2572646e-16,1.9387578e-17
5444.171899529042,5.245746e-16,1.9382016e-17
5445.61420722135,5.348660000000001e-16,1.9517232e-17
5447.056514913657,5.4545931e-16,1.9613625e-17
5448.498822605965,5.3967285e-16,1.9481704e-17
5449.941130298273,5.347894400000001e-16,1.940671e-17
5451.38343799058,5.2358669e-16,1.9296897e-17
5452.825745682889,5.1237484e-16,1.9181552000000002e-17
5454.268053375195,5.320847600000001e-16,1.9422743e-17
5455.710361067503,5.456890600000001e-16,1.9598053e-17
5457.152668759812,5.4685194e-16,1.9710395e-17
5458.594976452118,5.3485329e-16,1.9631137e-17
5460.037284144426,4.9764218e-16,1.9176304e-17
5461.4795918367345,4.9024615e-16,1.9049108e-17
5462.921899529042,5.2953345e-16,1.9477112e-17
5464.364207221349,5.579256200000001e-16,1.9827561e-17
5465.806514913657,5.578970900000001e-16,1.9813306e-17
5467.248822605965,5.2434743e-16,2.0213927e-17
5468.691130298273,4.9889658e-16,2.55226e-17
5470.13343799058,4.8134823e-16,3.4265263e-17
5471.575745682888,4.5338593e-16,3.9444204e-17
5473.018053375196,5.041980000000001e-16,4.0752465e-17
5474.460361067503,5.600993200000001e-16,3.9122642e-17
5475.902668759811,5.304287100000001e-16,3.2277206e-17
5477.344976452119,4.980599800000001e-16,2.3339333e-17
5478.787284144426,5.0100284e-16,1.9370612e-17
5480.229591836734,5.278806700000001e-16,1.9348394e-17
5481.671899529042,5.4718604e-16,1.9504456e-17
5483.11420722135,5.330065500000001e-16,1.9311162e-17
5484.556514913656,4.951664600000001e-16,1.8849689e-17
5485.998822605965,4.956890300000001e-16,1.8889607e-17
5487.441130298273,5.4073255e-16,1.9390577e-17
5488.883437990581,5.3736718e-16,1.9268645e-17
5490.325745682888,5.1678793e-16,1.8993073e-17
5491.768053375195,5.3433078e-16,1.922628e-17
5493.210361067504,5.1367879e-16,1.9017709e-17
5494.652668759811,4.8396974e-16,1.8625276e-17
5496.094976452118,5.125525000000001e-16,1.8907309e-17
5497.537284144427,5.1748022e-16,1.9044597e-17
5498.9795918367345,4.9966061e-16,1.8964913e-17
5500.421899529041,5.2042684e-16,1.9205469e-17
5501.86420722135,5.2269757e-16,1.9171796e-17
5503.306514913657,5.025077000000001e-16,1.8873642e-17
5504.748822605964,5.0971886e-16,1.8861988e-17
5506.191130298273,5.191953600000001e-16,1.8927308000000002e-17
5507.63343799058,5.0533467e-16,1.8825016e-17
5509.075745682889,4.860356e-16,1.8646431e-17
5510.518053375195,4.9155424e-16,1.8706767e-17
5511.960361067503,4.9264897e-16,1.8695324e-17
5513.402668759812,4.670144700000001e-16,1.83579e-17
5514.844976452118,4.903899900000001e-16,1.8643256e-17
5516.287284144426,5.2622361e-16,1.9103781e-17
5517.7295918367345,5.204858100000001e-16,1.9116678e-17
5519.171899529042,5.2409057e-16,1.9163176e-17
5520.614207221349,5.115896900000001e-16,1.8936773000000002e-17
5522.056514913657,4.9940798e-16,1.8760045e-17
5523.498822605965,5.0159062e-16,1.8784077e-17
5524.941130298273,4.9176123e-16,1.8629765e-17
5526.38343799058,4.818739700000001e-16,1.8506559e-17
5527.825745682888,5.1096606e-16,1.8861231e-17
5529.268053375196,5.3387624e-16,1.9054252e-17
5530.710361067503,5.292389400000001e-16,1.9013686e-17
5532.152668759811,5.372183100000001e-16,1.915496e-17
5533.594976452119,5.108485400000001e-16,1.8784444e-17
5535.037284144427,5.0206173e-16,1.8671538e-17
5536.479591836734,5.2964737e-16,1.9060271e-17
5537.921899529042,5.1455356e-16,1.8957276e-17
5539.36420722135,5.152837600000001e-16,1.9015876e-17
5540.806514913656,5.402247000000001e-16,1.9244626e-17
5542.248822605965,5.2589009e-16,1.904729e-17
5543.691130298273,5.0280331e-16,1.8783792e-17
5545.13343799058,5.1581024000000005e-16,1.885341e-17
5546.575745682888,5.365063800000001e-16,1.9037425000000002e-17
5548.018053375195,5.4393883e-16,1.9096796e-17
5549.460361067504,5.291469300000001e-16,1.9006649e-17
5550.902668759811,5.1644462e-16,1.8951909000000002e-17
5552.344976452118,5.083719200000001e-16,1.8858145e-17
5553.787284144427,5.243881500000001e-16,1.9026748000000002e-17
5555.2295918367345,5.2891061e-16,1.9043738e-17
5556.671899529041,5.0255026e-16,1.8802614e-17
5558.11420722135,5.109343e-16,1.8992215e-17
5559.556514913657,5.068941600000001e-16,1.9009539e-17
5560.998822605965,5.129999500000001e-16,1.9138551000000002e-17
5562.441130298273,5.392729000000001e-16,1.9505451e-17
5563.88343799058,5.217779100000001e-16,1.9395338e-17
5565.325745682888,4.993202000000001e-16,1.920461e-17
5566.768053375195,4.961002600000001e-16,1.9162509e-17
5568.210361067503,4.942544200000001e-16,1.9140935e-17
5569.652668759812,5.050775400000001e-16,1.9254531e-17
5571.094976452119,5.0065412e-16,1.928693e-17
5572.537284144426,4.738671300000001e-16,1.9110368e-17
5573.9795918367345,4.934926200000001e-16,1.950249e-17
5575.421899529042,4.9899897e-16,1.9925523e-17
5576.864207221349,5.1439014e-16,2.0354881e-17
5578.306514913657,5.210240500000001e-16,2.0689153e-17
5579.748822605965,5.043626500000001e-16,2.076781e-17
5581.191130298273,5.130190000000001e-16,2.0911031e-17
5582.63343799058,5.2011301e-16,2.0892416e-17
5584.075745682888,5.0633417e-16,2.0629501e-17
5585.518053375195,4.9850367e-16,2.0322488e-17
5586.960361067503,5.0917665e-16,2.0099345e-17
5588.402668759811,5.159356000000001e-16,1.9847203e-17
5589.844976452119,5.0015877000000005e-16,1.9446634e-17
5591.287284144427,5.0940281e-16,1.9404861e-17
5592.729591836734,5.2384657e-16,1.9459995e-17
5594.171899529042,4.878328000000001e-16,1.8969679e-17
5595.61420722135,4.742845600000001e-16,1.8783785e-17
5597.056514913657,4.9249598e-16,1.8883694e-17
5598.498822605965,5.239840000000001e-16,1.9160433e-17
5599.941130298273,5.323899100000001e-16,1.9189054e-17
5601.38343799058,5.090383200000001e-16,1.8951485e-17
5602.825745682888,5.143718700000001e-16,1.9032221e-17
5604.268053375195,5.20003e-16,1.9052545e-17
5605.710361067503,5.0271008e-16,1.8846474e-17
5607.152668759812,4.9111817e-16,1.8678428e-17
5608.594976452118,4.797728600000001e-16,1.8563218e-17
5610.037284144427,4.6841679e-16,1.8352948000000002e-17
5611.4795918367345,4.8342944000000005e-16,1.8484736e-17
5612.921899529041,4.9457041e-16,1.863361e-17
5614.36420722135,4.8892129e-16,1.8587726e-17
5615.806514913657,4.7549126e-16,1.8464572e-17
5617.248822605965,4.8142018e-16,1.8491758e-17
5618.691130298273,4.9850557e-16,1.8637707000000002e-17
5620.13343799058,4.618961700000001e-16,1.8281089e-17
5621.575745682888,4.4344565000000003e-16,1.8080439e-17
5623.018053375195,4.4622744e-16,1.8017013e-17
5624.460361067503,4.5018028e-16,1.8023739000000002e-17
5625.902668759811,4.486775300000001e-16,1.7998466e-17
5627.344976452119,4.6733719e-16,1.8218274e-17
5628.787284144426,4.8154771e-16,1.8423841e-17
5630.2295918367345,4.4976174e-16,1.8016555e-17
5631.671899529042,4.596012900000001e-16,1.8112898e-17
5633.11420722135,4.5043539e-16,1.7984586e-17
5634.556514913657,4.3811617000000006e-16,1.7811409e-17
5635.998822605965,4.4191948000000003e-16,1.7865115e-17
5637.441130298273,4.4450505e-16,1.7858736e-17
5638.88343799058,4.460968400000001e-16,1.7850432e-17
5640.325745682888,4.3049992000000006e-16,1.7751028e-17
5641.768053375195,4.4490136e-16,1.7896013e-17
5643.210361067504,4.3565904000000004e-16,1.7740659e-17
5644.652668759811,4.2245273000000004e-16,1.7654271e-17
5646.094976452118,4.4048082000000006e-16,1.7826525e-17
5647.537284144427,4.482623300000001e-16,1.7937213000000002e-17
5648.979591836734,4.5311429e-16,1.8012305e-17
5650.421899529042,4.2758655000000004e-16,1.7681288e-17
5651.86420722135,4.0978107000000003e-16,1.749973e-17
5653.306514913657,4.1263509000000003e-16,1.7599574e-17
5654.748822605965,4.0740628000000003e-16,1.7546577e-17
5656.191130298273,3.9752924e-16,1.7508275e-17
5657.63343799058,3.9152348e-16,1.7614151e-17
5659.075745682888,4.0908772e-16,1.7998502e-17
5660.518053375195,4.0837494e-16,1.8090165e-17
5661.960361067503,4.0520502000000004e-16,1.8076741000000002e-17
5663.402668759812,4.0327665000000003e-16,1.7933992e-17
5664.844976452118,3.999985e-16,1.7659422000000002e-17
5666.287284144426,3.9477029000000005e-16,1.7421635e-17
5667.7295918367345,3.8719840000000005e-16,1.7279624e-17
5669.171899529042,3.8550762e-16,1.7181006e-17
5670.61420722135,3.7586227000000004e-16,1.7002476e-17
5672.056514913657,3.5877153000000003e-16,1.6815589e-17
5673.498822605965,3.6442245e-16,1.6878072e-17
5674.941130298273,3.6006177000000005e-16,1.6806990000000002e-17
5676.38343799058,3.7445505000000003e-16,1.7058122000000002e-17
5677.825745682888,3.8243368e-16,1.7305675e-17
5679.268053375196,3.871597e-16,1.7549768e-17
5680.710361067503,4.0089310000000003e-16,1.7860713e-17
5682.152668759811,3.8682835e-16,1.7774418e-17
5683.594976452119,3.6794555000000006e-16,1.7539948e-17
5685.037284144426,3.6618979000000003e-16,1.7342857e-17
5686.479591836734,3.5334660000000003e-16,1.6980683e-17
5687.921899529042,3.6296360000000003e-16,1.6939776e-17
5689.36420722135,3.7885902000000004e-16,1.7083155e-17
5690.806514913657,3.8017134000000003e-16,1.7128505000000002e-17
5692.248822605965,3.7015959e-16,1.7024879e-17
5693.691130298273,3.62965e-16,1.6970914e-17
5695.13343799058,3.8130692000000004e-16,1.7166454e-17
5696.575745682888,3.6741134000000004e-16,1.6991986e-17
5698.018053375195,3.5458255e-16,1.6892842e-17
5699.460361067504,3.8298423000000004e-16,1.7260876e-17
5700.902668759811,3.6235273e-16,1.6999802e-17
5702.344976452118,3.6120497e-16,1.6980529e-17
5703.787284144427,4.0163065e-16,1.7452261e-17
5705.2295918367345,3.9358715e-16,1.7404272e-17
5706.671899529041,3.7561512e-16,1.7203110000000002e-17
5708.11420722135,3.7308728e-16,1.7109934e-17
5709.556514913657,3.833782e-16,1.7262117e-17
5710.998822605965,3.8618421000000003e-16,1.7338649e-17
5712.441130298273,3.8633260000000003e-16,1.7343554000000002e-17
5713.88343799058,4.0807964000000003e-16,1.7675806e-17
5715.325745682889,3.9638821000000004e-16,1.7612864e-17
5716.768053375195,3.9118591000000005e-16,1.7488445e-17
5718.210361067503,4.0978959e-16,1.7728466e-17
5719.652668759812,4.0317821000000005e-16,1.7717985e-17
5721.094976452118,4.1868963e-16,1.7805914e-17
5722.537284144426,4.3046021000000006e-16,1.7910987e-17
5723.9795918367345,4.2042700000000006e-16,1.7883208e-17
5725.421899529042,4.1169565000000006e-16,1.7834624e-17
5726.864207221349,4.0043371000000005e-16,1.7717879e-17
5728.306514913657,4.0573696e-16,1.7830607e-17
5729.748822605965,4.0115417000000006e-16,1.7771527e-17
5731.191130298273,4.0223363e-16,1.7684999e-17
5732.63343799058,4.4128188000000005e-16,1.8185496e-17
5734.075745682888,4.3980865000000004e-16,1.8287681e-17
5735.518053375196,4.0762497000000005e-16,1.7882217e-17
5736.960361067503,3.8856559000000003e-16,1.7665309e-17
5738.402668759811,3.9592488000000004e-16,1.7829756e-17
5739.844976452119,4.2679812000000005e-16,1.8161768000000002e-17
5741.287284144427,4.1894276000000005e-16,1.8086495e-17
5742.729591836734,4.1209805000000004e-16,1.8069231e-17
5744.171899529042,4.2235318e-16,1.8183981e-17
5745.61420722135,4.2445356e-16,1.819475e-17
5747.056514913656,3.9678046000000003e-16,1.7858785e-17
5748.498822605965,3.8052836000000004e-16,1.7680781e-17
5749.941130298273,4.0984393000000005e-16,1.804701e-17
5751.38343799058,4.263314e-16,1.8318136e-17
5752.825745682888,4.1341066000000003e-16,1.8302535e-17
5754.268053375195,3.8832223e-16,1.8108302e-17
5755.710361067504,3.8418876e-16,1.8235782e-17
5757.152668759811,3.8761998000000003e-16,1.8379789e-17
5758.594976452118,3.8970440000000005e-16,1.8344066e-17
5760.037284144427,4.1580313000000005e-16,1.8547309e-17
5761.4795918367345,4.0535392000000005e-16,1.8232539e-17
5762.921899529041,3.8471612000000003e-16,1.7776336e-17
5764.36420722135,3.5754595000000005e-16,1.7356259e-17
5765.806514913657,3.6179408e-16,1.7272572e-17
5767.248822605964,3.8303460000000004e-16,1.7463197e-17
5768.691130298273,3.6343399000000004e-16,1.7114947e-17
5770.13343799058,3.4860816000000004e-16,1.6790219e-17
5771.575745682888,3.5153633e-16,1.6782312e-17
5773.018053375195,3.5650254e-16,1.6832659e-17
5774.460361067503,3.5559986000000003e-16,1.7255671e-17
5775.902668759812,3.2228105000000004e-16,1.8379048000000002e-17
5777.344976452119,2.9265737000000004e-16,1.9915761e-17
5778.787284144426,3.1478810000000003e-16,2.0945251e-17
5780.2295918367345,3.1621590000000004e-16,2.0969014e-17
5781.671899529042,3.2558242e-16,2.0911376e-17
5783.114207221349,3.341536e-16,2.0510885e-17
5784.556514913657,3.1999131e-16,1.980748e-17
5785.998822605965,3.2650208000000005e-16,1.9745377e-17
5787.441130298273,3.337056e-16,1.928793e-17
5788.88343799058,3.3568138e-16,1.7990613000000002e-17
5790.325745682888,3.0901591000000004e-16,1.6605752e-17
5791.768053375195,3.1795452000000004e-16,1.6542259000000002e-17
5793.210361067503,3.2261097e-16,1.6617253e-17
5794.652668759811,3.2536208000000005e-16,1.6724263e-17
5796.094976452119,3.2066333e-16,1.6714436e-17
5797.537284144427,3.2352691e-16,1.6728204e-17
5798.979591836734,3.2063199000000003e-16,1.6717460000000002e-17
5800.421899529042,3.3400092000000004e-16,1.6965752e-17
5801.86420722135,3.4431868000000003e-16,1.7318442e-17
5803.306514913656,3.2873955000000003e-16,1.7339607e-17
5804.748822605965,3.2911502e-16,1.7386071e-17
5806.191130298273,3.2084999000000003e-16,1.7143239e-17
5807.63343799058,3.1806296000000004e-16,1.6961431000000002e-17
5809.075745682888,3.3459607e-16,1.7057390000000002e-17
5810.518053375195,3.3305439e-16,1.7037096e-17
5811.960361067503,3.1455553000000004e-16,1.6930159e-17
5813.402668759812,3.4517474000000003e-16,1.7456796e-17
5814.844976452118,3.6961336000000004e-16,1.7881225000000002e-17
5816.287284144427,3.5037783000000003e-16,1.7575183e-17
5817.7295918367345,3.5055930000000005e-16,1.7585777e-17
5819.171899529041,3.5806401e-16,1.7890676e-17
5820.61420722135,3.2131538e-16,1.7550252e-17
5822.056514913657,3.3751997e-16,1.7744365e-17
5823.498822605965,3.5883802000000004e-16,1.8018492e-17
5824.941130298273,3.6024954e-16,1.7859619000000002e-17
5826.38343799058,3.9099689e-16,1.8058308e-17
5827.825745682888,3.7196078000000004e-16,1.7793235000000002e-17
5829.268053375195,3.6530601000000004e-16,1.758069e-17
5830.710361067503,3.7494798000000003e-16,1.7600679000000002e-17
5832.152668759811,3.8531036000000003e-16,1.7793112000000002e-17
5833.594976452119,3.6796893000000004e-16,1.7622863e-17
5835.037284144426,3.5020823000000005e-16,1.7416763e-17
5836.4795918367345,3.5239570000000005e-16,1.7418363e-17
5837.921899529042,3.8407949e-16,1.7912322e-17
5839.364207221349,4.0274574e-16,1.8320688e-17
5840.806514913657,3.85185e-16,1.829658e-17
5842.248822605965,3.6145511000000005e-16,1.8117092e-17
5843.691130298273,3.8933057000000005e-16,1.8323836e-17
5845.13343799058,4.0657364000000005e-16,1.8280954e-17
5846.575745682888,3.9239712000000005e-16,1.7954633e-17
5848.018053375195,4.0793750000000003e-16,1.8145095e-17
5849.460361067504,3.968635e-16,1.8053698e-17
5850.902668759811,3.9997420000000005e-16,1.8046578e-17
5852.344976452118,4.2811986e-16,1.8403073e-17
5853.787284144427,4.1687923e-16,1.8301481e-17
5855.229591836734,4.0075373e-16,1.8045064000000002e-17
5856.671899529042,4.1136441000000004e-16,1.8147689000000002e-17
5858.11420722135,4.1730738000000005e-16,1.8289926e-17
5859.556514913657,4.2162936000000003e-16,1.8389893e-17
5860.998822605965,4.0672585e-16,1.8186448000000002e-17
5862.441130298273,3.9986935000000005e-16,1.8149064e-17
5863.88343799058,4.3470821000000004e-16,1.8537884e-17
5865.325745682888,4.479107000000001e-16,1.8704188e-17
5866.768053375195,4.610253200000001e-16,1.8895088e-17
5868.210361067503,4.560413200000001e-16,1.8756746e-17
5869.652668759812,4.2060027e-16,1.8194241e-17
5871.094976452118,4.1233739000000004e-16,1.8030092000000002e-17
5872.537284144426,4.448465100000001e-16,1.846676e-17
5873.9795918367345,4.516314e-16,1.8591048e-17
5875.421899529041,4.3676296000000003e-16,1.8387623000000002e-17
5876.86420722135,4.561268200000001e-16,1.8564261e-17
5878.306514913657,4.517983700000001e-16,1.8454991e-17
5879.748822605965,4.4871353e-16,1.846525e-17
5881.191130298273,4.4670839e-16,1.8500662e-17
5882.63343799058,4.6232927e-16,1.8670986e-17
5884.075745682888,4.7774633e-16,1.8865617000000002e-17
5885.518053375196,4.821877500000001e-16,1.8969966e-17
5886.960361067503,4.725757700000001e-16,1.8866223000000002e-17
5888.402668759811,4.7203426e-16,1.8830556e-17
5889.844976452119,4.795121800000001e-16,1.8914588e-17
5891.287284144426,4.8024158e-16,1.8872923e-17
5892.729591836734,4.866004200000001e-16,1.8904803e-17
5894.171899529042,4.8431676e-16,1.8869735e-17
5895.61420722135,4.9170035e-16,1.8887541e-17
5897.056514913657,5.2136461e-16,1.9097269e-17
5898.498822605965,5.0520253e-16,1.8910022e-17
5899.941130298273,4.7647112e-16,1.8647967e-17
5901.38343799058,4.833186400000001e-16,1.8705738e-17
5902.825745682888,4.920822e-16,1.8797773e-17
5904.268053375195,4.970017200000001e-16,1.8816662e-17
5905.710361067504,5.0078277e-16,1.8840464e-17
5907.152668759811,4.8300773e-16,1.8654275e-17
5908.594976452118,4.7997868e-16,1.8619927e-17
5910.037284144427,5.209567100000001e-16,1.9079042e-17
5911.479591836734,5.209611600000001e-16,1.9034557e-17
5912.921899529041,4.876302000000001e-16,1.8623384e-17
5914.36420722135,4.826581700000001e-16,1.8588575e-17
5915.806514913657,5.0260045e-16,1.8836059e-17
5917.248822605965,5.074082e-16,1.8906064e-17
5918.691130298273,4.9723147e-16,1.8825077e-17
5920.13343799058,5.096687200000001e-16,1.89606e-17
5921.575745682889,5.087071800000001e-16,1.8911766e-17
5923.018053375195,4.7765967e-16,1.8510718000000002e-17
5924.460361067503,4.9080821e-16,1.8611308e-17
5925.902668759812,5.1789648e-16,1.8901309e-17
5927.344976452118,5.040456400000001e-16,1.874976e-17
5928.787284144426,5.1254059e-16,1.8806281e-17
5930.2295918367345,4.769894e-16,1.8363048e-17
5931.671899529042,4.4374576000000004e-16,1.802946e-17
5933.114207221349,4.716166700000001e-16,1.8336306e-17
5934.556514913657,5.031414900000001e-16,1.8637687e-17
5935.998822605965,5.1301726e-16,1.8735734e-17
5937.441130298273,5.122139500000001e-16,1.8716751e-17
5938.88343799058,4.9597575e-16,1.8591637e-17
5940.325745682888,4.8426366e-16,1.8427376e-17
5941.768053375196,4.778377e-16,1.8259448e-17
5943.210361067503,4.837371800000001e-16,1.8292408e-17
5944.652668759811,4.9248031e-16,1.8428934e-17
5946.094976452119,4.8851508e-16,1.8335308e-17
5947.537284144426,4.7143832e-16,1.8132818e-17
5948.979591836734,4.6312167e-16,1.8036314e-17
5950.421899529042,4.7005215e-16,1.8108785e-17
5951.86420722135,4.767676400000001e-16,1.8162101e-17
5953.306514913656,4.700678200000001e-16,1.8106704e-17
5954.748822605965,4.7245168e-16,1.8140499e-17
5956.191130298273,4.657063900000001e-16,1.7962454e-17
5957.63343799058,4.6475713e-16,1.7952376e-17
5959.075745682888,4.687248500000001e-16,1.798903e-17
5960.518053375195,4.5081343e-16,1.7774364e-17
5961.960361067504,4.7326182e-16,1.8001328000000002e-17
5963.402668759811,4.8248209e-16,1.8090895e-17
5964.844976452118,4.5698862e-16,1.7781921e-17
5966.287284144427,4.7418238e-16,1.8010042e-17
5967.7295918367345,4.7358914e-16,1.7967544e-17
5969.171899529041,4.617400500000001e-16,1.7795665000000002e-17
5970.61420722135,4.4031539e-16,1.7513096000000002e-17
5972.056514913657,4.4281800000000003e-16,1.7507179e-17
5973.498822605964,4.192519e-16,1.7220343e-17
5974.941130298273,4.2430953e-16,1.7296857e-17
5976.38343799058,4.488795e-16,1.7602365e-17
5977.825745682888,4.835749700000001e-16,1.8001912e-17
5979.268053375195,4.6906154e-16,1.7844021e-17
5980.710361067503,4.5740409000000005e-16,1.7625686e-17
5982.152668759812,4.6236368e-16,1.7705948e-17
5983.594976452118,4.4767507e-16,1.7573722e-17
5985.037284144426,4.4403815000000005e-16,1.7479288e-17
5986.4795918367345,4.2363493000000004e-16,1.7221747e-17
5987.921899529042,4.1225845000000005e-16,1.7139338e-17
5989.364207221349,4.3089895000000005e-16,1.7411027e-17
5990.806514913657,4.471416e-16,1.757073e-17
5992.248822605965,4.2635038000000005e-16,1.7325287e-17
5993.691130298273,4.3368643000000005e-16,1.7455579e-17
5995.13343799058,4.3983586e-16,1.7545156e-17
5996.575745682888,4.1405962000000004e-16,1.7262655000000002e-17
5998.018053375195,4.3044663000000004e-16,1.7492301000000002e-17
5999.460361067503,4.5776313e-16,1.7730192e-17
6000.902668759811,4.7835524e-16,1.7857823e-17
6002.344976452119,4.566728400000001e-16,1.756698e-17
6003.787284144427,4.663955600000001e-16,1.7713703000000002e-17
6005.229591836734,4.4043802000000003e-16,1.7334632e-17
6006.671899529042,4.1316075000000005e-16,1.6957662e-17
6008.11420722135,4.3064087e-16,1.7168674e-17
6009.556514913656,4.2565865000000004e-16,1.7005274e-17
6010.998822605965,4.680386400000001e-16,1.7513317e-17
6012.441130298273,4.620474200000001e-16,1.7457032000000002e-17
6013.88343799058,4.0870798000000006e-16,1.6789637e-17
6015.325745682888,4.0805825000000004e-16,1.6768555e-17
6016.768053375195,4.2997018000000003e-16,1.6997155e-17
6018.210361067503,4.4164748000000005e-16,1.7115666e-17
6019.652668759811,4.3857410000000005e-16,1.7185655e-17
6021.094976452118,4.3185345000000003e-16,1.7080218e-17
6022.537284144427,4.4303460000000003e-16,1.7221908e-17
6023.9795918367345,4.4247241000000003e-16,1.7228913e-17
6025.421899529041,4.4082467000000003e-16,1.7161659e-17
6026.86420722135,4.3733346e-16,1.7235942e-17
6028.306514913657,4.3952471000000003e-16,1.7301339e-17
6029.748822605965,4.0960147e-16,1.6847304e-17
6031.191130298273,4.2631761000000003e-16,1.6981407e-17
6032.63343799058,4.4289196000000003e-16,1.7017157e-17
6034.075745682888,4.522791200000001e-16,1.7138933e-17
6035.518053375195,4.578722900000001e-16,1.7360006e-17
6036.960361067503,4.2553035e-16,1.7056787000000002e-17
6038.402668759811,4.4754299e-16,1.7355328e-17
6039.844976452119,4.5020526e-16,1.7444674e-17
6041.287284144426,4.480389800000001e-16,1.7413327e-17
6042.7295918367345,4.3609277000000005e-16,1.7314429e-17
6044.171899529042,4.442537500000001e-16,1.7416298e-17
6045.614207221349,4.474567500000001e-16,1.7444271e-17
6047.056514913657,4.2999845e-16,1.7299958e-17
6048.498822605965,4.3287460000000003e-16,1.7199674e-17
6049.941130298273,4.3713631e-16,1.7047339e-17
6051.38343799058,4.4457662e-16,1.7080259e-17
6052.825745682888,4.4113007e-16,1.7022556e-17
6054.268053375195,4.2364509000000004e-16,1.6848077e-17
6055.710361067503,4.3526111000000004e-16,1.6932501e-17
6057.152668759811,4.3715061000000005e-16,1.6854414e-17
6058.594976452118,4.3316923000000004e-16,1.6756082e-17
6060.037284144427,4.361113e-16,1.677706e-17
6061.479591836734,4.516142500000001e-16,1.6921477e-17
6062.921899529042,4.3370218000000003e-16,1.6644041000000002e-17
6064.36420722135,4.2265144e-16,1.6476362e-17
6065.806514913657,4.2623158000000004e-16,1.6544868e-17
6067.248822605965,4.2076134e-16,1.6512029e-17
6068.691130298273,4.1765252000000003e-16,1.6397992e-17
6070.13343799058,4.3599920000000003e-16,1.6606209e-17
6071.575745682888,4.4235941000000006e-16,1.6684177e-17
6073.018053375195,4.3661830000000004e-16,1.6641057e-17
6074.460361067503,4.2931963000000006e-16,1.6593655e-17
6075.902668759812,4.2834996000000006e-16,1.654794e-17
6077.344976452118,4.2909109000000004e-16,1.6491383e-17
6078.787284144426,4.2369329000000004e-16,1.6370382e-17
6080.2295918367345,4.1967256000000006e-16,1.6315213e-17
6081.671899529041,4.0445701e-16,1.6140871e-17
6083.11420722135,3.8816545000000003e-16,1.6021771e-17
6084.556514913657,4.0601585000000005e-16,1.6278175000000002e-17
6085.998822605965,4.1453970000000003e-16,1.6352849e-17
6087.441130298273,3.8442688000000004e-16,1.59401e-17
6088.88343799058,3.8472181000000004e-16,1.5906515e-17
6090.325745682888,3.8124347e-16,1.582675e-17
6091.768053375195,3.6119989000000005e-16,1.5573798e-17
6093.210361067503,3.7252639e-16,1.5731603e-17
6094.652668759811,3.8205559000000004e-16,1.5730265e-17
6096.094976452119,3.5789323000000004e-16,1.5457005e-17
6097.537284144426,3.3593096000000004e-16,1.5284142e-17
6098.979591836734,3.4475668e-16,1.5293794e-17
6100.421899529042,3.4814272000000003e-16,1.5291109e-17
6101.86420722135,3.5625997000000005e-16,1.5422511000000002e-17
6103.306514913657,3.6407120000000005e-16,1.5546228e-17
6104.748822605965,3.3249265e-16,1.5180478000000002e-17
6106.191130298273,3.1650628e-16,1.4938176e-17
6107.63343799058,3.0883322000000004e-16,1.4749033e-17
6109.075745682888,3.0131892000000003e-16,1.4559413e-17
6110.518053375195,3.1334692e-16,1.4620506e-17
6111.960361067504,3.0410571e-16,1.4464715e-17
6113.402668759811,3.1049221000000004e-16,1.4612592e-17
6114.844976452118,3.2413121000000003e-16,1.5034419e-17
6116.287284144427,3.0561317e-16,1.5196706e-17
6117.729591836734,2.6345700000000004e-16,1.4991400000000002e-17
6119.171899529041,2.6617044e-16,1.5127628e-17
6120.61420722135,3.1087292000000003e-16,1.5548957e-17
6122.056514913657,2.8841191000000004e-16,1.4931881e-17
6123.498822605965,2.6283491000000003e-16,1.4336296000000002e-17
6124.941130298273,2.5063027000000004e-16,1.4123831e-17
6126.38343799058,2.477573e-16,1.4039263e-17
6127.825745682888,2.7790571000000005e-16,1.4333259e-17
6129.268053375195,2.7107360000000003e-16,1.4061654e-17
6130.710361067503,2.5261252e-16,1.3733412e-17
6132.152668759812,2.7049140000000003e-16,1.3865227e-17
6133.594976452118,2.7405878000000003e-16,1.3836281000000001e-17
6135.037284144426,2.5052707000000003e-16,1.3549511000000001e-17
6136.4795918367345,2.4257615000000004e-16,1.3617947e-17
6137.921899529042,2.4087531000000004e-16,1.3989236e-17
6139.364207221349,2.5160849000000004e-16,1.4560707e-17
6140.806514913657,2.6683078000000005e-16,1.4793803e-17
6142.248822605965,2.4823166000000004e-16,1.4441107e-17
6143.691130298273,2.4150169e-16,1.4183235e-17
6145.13343799058,2.5066926e-16,1.3975104e-17
6146.575745682888,2.4601122e-16,1.3813496e-17
6148.018053375196,2.5241267e-16,1.3918817e-17
6149.460361067503,2.6463281e-16,1.4039592e-17
6150.902668759811,2.5842017000000003e-16,1.3785838000000001e-17
6152.344976452119,2.5455317000000004e-16,1.3739194e-17
6153.787284144426,2.3255478000000003e-16,1.3422699e-17
6155.229591836734,2.7141109e-16,1.3895419e-17
6156.671899529042,2.6451553e-16,1.4058504e-17
6158.11420722135,2.0395927000000002e-16,1.3360567e-17
6159.556514913656,2.2565532e-16,1.3615523000000001e-17
6160.998822605965,2.3037292e-16,1.3564141e-17
6162.441130298273,2.4091187e-16,1.3382747e-17
6163.88343799058,2.6189113000000004e-16,1.3580587e-17
6165.325745682888,2.6735054000000005e-16,1.3868184e-17
6166.768053375195,2.5579641000000004e-16,1.4126095000000002e-17
6168.210361067504,2.6802219e-16,1.4523734e-17
6169.652668759811,2.4733251e-16,1.4331467e-17
6171.094976452118,2.5780657e-16,1.4318496000000002e-17
6172.537284144427,2.7978496000000003e-16,1.4308891e-17
6173.9795918367345,2.6694712e-16,1.394679e-17
6175.421899529041,2.4197341000000004e-16,1.3455083e-17
6176.86420722135,2.5606574e-16,1.3858631e-17
6178.306514913657,2.5899734e-16,1.5712049e-17
6179.748822605964,2.5338763000000004e-16,1.8837483e-17
6181.191130298273,2.6106318e-16,2.0520973e-17
6182.63343799058,2.2722175e-16,2.0405501e-17
6184.075745682889,2.7587056000000003e-16,2.0007875e-17
6185.518053375195,2.7404848e-16,1.7728803e-17
6186.960361067503,2.6528884000000003e-16,1.5254001e-17
6188.402668759812,2.8035340000000004e-16,1.4742407e-17
6189.844976452118,2.9180155000000004e-16,1.4614178e-17
6191.287284144426,2.7351938e-16,1.4130701e-17
6192.7295918367345,2.8171207e-16,1.4047281e-17
6194.171899529042,2.7329759e-16,1.3785393000000001e-17
6195.614207221349,2.6430369e-16,1.3451347e-17
6197.056514913657,2.8272041e-16,1.3603156e-17
6198.498822605965,2.7971966e-16,1.3578262e-17
6199.941130298272,2.6601655e-16,1.3505105e-17
6201.38343799058,2.996923e-16,1.3908697e-17
6202.825745682888,3.2062603e-16,1.4212057e-17
6204.268053375196,2.7970386000000003e-16,1.3741861e-17
6205.710361067503,2.9875135000000003e-16,1.3882807e-17
6207.152668759811,2.9606152000000004e-16,1.3814281e-17
6208.594976452119,2.8017687e-16,1.3860758e-17
6210.037284144427,2.9109785000000003e-16,1.4190774e-17
6211.479591836734,2.8203079000000002e-16,1.4145117e-17
6212.921899529042,3.0123949000000003e-16,1.4308293e-17
6214.36420722135,3.1385821e-16,1.4172864000000002e-17
6215.806514913656,3.1160947000000005e-16,1.3853259e-17
6217.248822605965,2.9797439000000004e-16,1.3597716e-17
6218.691130298273,2.9980252000000005e-16,1.3704591e-17
6220.13343799058,2.9723006000000004e-16,1.3776273e-17
6221.575745682888,3.1984835e-16,1.395608e-17
6223.018053375195,3.2664666000000005e-16,1.4003059e-17
6224.460361067504,2.9692176000000003e-16,1.3696867e-17
6225.902668759811,2.9034315000000002e-16,1.3608067e-17
6227.344976452118,2.7348830000000004e-16,1.3485207000000001e-17
6228.787284144427,2.8773638000000003e-16,1.3683106000000001e-17
6230.2295918367345,3.0310216000000004e-16,1.3857884000000001e-17
6231.671899529041,3.1012595e-16,1.3863659e-17
6233.11420722135,3.1487208000000005e-16,1.3964955e-17
6234.556514913657,3.2746196000000004e-16,1.4205371e-17
6235.998822605964,3.1471721e-16,1.4057614e-17
6237.441130298273,3.0187251e-16,1.4044449e-17
6238.88343799058,3.1524708000000003e-16,1.4230928e-17
6240.325745682888,2.9809080000000003e-16,1.4201668e-17
6241.768053375195,3.0874449000000004e-16,1.5261268e-17
6243.210361067503,3.5570362000000003e-16,1.6463108e-17
6244.652668759811,3.3333002000000003e-16,1.6387408e-17
6246.094976452119,3.2667636000000003e-16,1.6099883e-17
6247.537284144426,3.3203313e-16,1.518813e-17
6248.9795918367345,3.0487209000000003e-16,1.3888527e-17
6250.421899529042,3.0308271000000004e-16,1.3518229e-17
6251.864207221349,2.8993940000000004e-16,1.3355516000000001e-17
6253.306514913657,2.8322516e-16,1.3204854e-17
6254.748822605965,3.1059706000000004e-16,1.3508119e-17
6256.191130298273,3.1284603e-16,1.3600487e-17
6257.63343799058,3.3225018000000004e-16,1.3851628e-17
6259.075745682888,3.4328475e-16,1.3982106e-17
6260.518053375195,3.4104045000000003e-16,1.3972185e-17
6261.960361067503,3.4634664e-16,1.4036948e-17
6263.402668759811,3.1835320000000005e-16,1.3743581e-17
6264.844976452118,3.0980167e-16,1.3667841e-17
6266.287284144427,3.2121146000000003e-16,1.3802288e-17
6267.729591836734,3.3022681000000003e-16,1.3872142e-17
6269.171899529042,3.4009379000000003e-16,1.3942514e-17
6270.61420722135,3.3563945e-16,1.3825174e-17
6272.056514913656,3.0886411e-16,1.347243e-17
6273.498822605965,3.0992732000000003e-16,1.3411774e-17
6274.941130298273,3.1614621e-16,1.3515281000000001e-17
6276.38343799058,3.2858878e-16,1.3689931e-17
6277.825745682888,3.2969138000000004e-16,1.3653436e-17
6279.268053375195,3.3295817e-16,1.364028e-17
6280.710361067503,3.4149139000000005e-16,1.3775851e-17
6282.152668759812,3.5247675000000005e-16,1.3926921e-17
6283.594976452118,3.4411486000000005e-16,1.3813308e-17
6285.037284144426,3.2131417000000003e-16,1.3465348e-17
6286.4795918367345,3.3454794e-16,1.3572625e-17
6287.921899529041,3.50784e-16,1.3776734e-17
6289.36420722135,3.5530766000000003e-16,1.3839507e-17
6290.806514913657,3.5438720000000004e-16,1.3898907e-17
6292.248822605965,3.532202e-16,1.3886774e-17
6293.691130298273,3.5144628000000005e-16,1.3908132e-17
6295.13343799058,3.5361709000000005e-16,1.4005455e-17
6296.575745682888,3.3004239000000005e-16,1.3669318e-17
6298.018053375195,3.2291186e-16,1.3575954e-17
6299.460361067503,3.6003030000000005e-16,1.4074364e-17
6300.902668759811,3.4308387000000004e-16,1.3883418000000002e-17
6302.344976452119,3.2079247000000003e-16,1.357252e-17
6303.787284144426,3.4387076e-16,1.3782535e-17
6305.229591836734,3.6336268e-16,1.3944203e-17
6306.671899529042,3.6574073e-16,1.3950517e-17
6308.114207221349,3.5497285e-16,1.3867461e-17
6309.556514913657,3.5152442000000003e-16,1.3811922e-17
6310.998822605965,3.579939e-16,1.3808269e-17
6312.441130298273,3.5929232000000004e-16,1.3815887e-17
6313.88343799058,3.5723294000000005e-16,1.3840559e-17
6315.325745682888,3.5827572e-16,1.3898978e-17
6316.768053375195,3.5937752000000004e-16,1.38821e-17
6318.210361067504,3.6305664000000004e-16,1.3865878e-17
6319.652668759811,3.6277577e-16,1.3862470000000001e-17
6321.094976452118,3.5512224000000003e-16,1.3789554e-17
6322.537284144427,3.7264799e-16,1.3995422e-17
6323.979591836734,3.6144757000000003e-16,1.3859218e-17
6325.421899529041,3.6865381000000004e-16,1.3902393e-17
6326.86420722135,3.7554085000000003e-16,1.3963929e-17
6328.306514913657,3.4833648000000005e-16,1.3745833e-17
6329.748822605965,3.5614583000000004e-16,1.3922608e-17
6331.191130298273,3.9589364000000004e-16,1.4290478e-17
6332.63343799058,4.1370283000000003e-16,1.4471052e-17
6334.075745682888,3.7032476000000005e-16,1.4009565e-17
6335.518053375195,3.7005464e-16,1.3962958e-17
6336.960361067503,3.8056836000000004e-16,1.4144119e-17
6338.402668759812,3.6866336000000004e-16,1.3991679e-17
6339.844976452118,3.7534849000000005e-16,1.4095106e-17
6341.287284144426,3.9427634000000004e-16,1.4449666e-17
6342.7295918367345,3.8153988000000005e-16,1.4474752e-17
6344.171899529041,3.7358597e-16,1.4443331e-17
6345.614207221349,3.8474918000000004e-16,1.4568452e-17
6347.056514913657,3.9405084e-16,1.4644919e-17
6348.498822605965,3.9445019000000004e-16,1.4713296e-17
6349.941130298273,3.7906456e-16,1.444879e-17
6351.38343799058,3.8475119e-16,1.4375815e-17
6352.825745682888,3.8562006000000003e-16,1.4271269e-17
6354.268053375196,3.7650805000000003e-16,1.4054081e-17
6355.710361067503,3.734194e-16,1.4042626e-17
6357.152668759811,3.9998145000000003e-16,1.4360718e-17
6358.594976452119,4.0483426000000003e-16,1.4395384e-17
6360.037284144426,3.9001833000000003e-16,1.4184609e-17
6361.479591836734,3.8567184000000003e-16,1.4098505000000002e-17
6362.921899529042,4.1282221e-16,1.4383672e-17
6364.36420722135,4.1276511000000004e-16,1.4410329e-17
6365.806514913656,4.0686741e-16,1.435242e-17
6367.248822605965,4.1440904000000004e-16,1.4418084e-17
6368.691130298273,4.0948934000000004e-16,1.4290807e-17
6370.13343799058,4.0187910000000005e-16,1.4218158e-17
6371.575745682888,4.0255535000000003e-16,1.4249504e-17
6373.018053375195,4.1061659000000003e-16,1.4585229e-17
6374.460361067504,4.3945830000000006e-16,1.5259682000000002e-17
6375.902668759811,4.2164262000000005e-16,1.531092e-17
6377.344976452118,3.5670479000000003e-16,1.4648697e-17
6378.787284144427,3.7758595000000003e-16,1.4758455e-17
6380.229591836734,4.3416992000000003e-16,1.5132674e-17
6381.671899529041,4.1223966000000003e-16,1.476241e-17
6383.11420722135,4.1995425e-16,1.4816408e-17
6384.556514913657,4.3523652000000003e-16,1.4957161e-17
6385.998822605964,4.1176069000000003e-16,1.4626053e-17
6387.441130298273,4.017508e-16,1.4410026e-17
6388.88343799058,4.0075559000000003e-16,1.43291e-17
6390.325745682889,4.3468381000000005e-16,1.4811043e-17
6391.768053375195,4.4208656000000003e-16,1.4839679e-17
6393.210361067503,4.2115653000000006e-16,1.4586912e-17
6394.652668759812,3.9227176000000004e-16,1.4286857000000002e-17
6396.094976452118,4.1773791000000004e-16,1.4524333e-17
6397.537284144426,4.3675118000000003e-16,1.481887e-17
6398.9795918367345,4.2847109000000004e-16,1.4791983e-17
6400.421899529042,4.2945672000000003e-16,1.482418e-17
6401.864207221349,4.2265261000000005e-16,1.4797926e-17
6403.306514913657,4.0696492e-16,1.456415e-17
6404.748822605965,4.0227172e-16,1.4437265e-17
6406.191130298272,4.0527085e-16,1.4567599e-17
6407.63343799058,4.4157845000000005e-16,1.5171884e-17
6409.075745682888,4.3565117000000003e-16,1.5276176e-17
6410.518053375196,4.2217382e-16,1.5216503e-17
6411.960361067503,4.2373887e-16,1.5173489e-17
6413.402668759811,4.1247773e-16,1.4889514e-17
6414.844976452119,4.1328138000000003e-16,1.4717224e-17
6416.287284144426,3.9527163e-16,1.437292e-17
6417.729591836734,4.1732262e-16,1.4726874000000002e-17
6419.171899529042,3.9333174000000006e-16,1.4649476e-17
6420.61420722135,4.2132840000000003e-16,1.489513e-17
6422.056514913656,4.2073294000000005e-16,1.4953555e-17
6423.498822605965,4.0185043000000003e-16,1.4754496e-17
6424.941130298273,4.2904961000000006e-16,1.4986002e-17
6426.38343799058,4.1549004e-16,1.4821568e-17
6427.825745682888,4.0346384000000005e-16,1.4950543e-17
6429.268053375195,3.8898482000000003e-16,1.5043022e-17
6430.710361067504,3.818734e-16,1.4986539e-17
6432.152668759811,4.1200718000000003e-16,1.5235302e-17
6433.594976452118,4.3501330000000004e-16,1.5351861e-17
6435.037284144427,4.1226459000000003e-16,1.4995111e-17
6436.4795918367345,4.1026115e-16,1.5285096e-17
6437.921899529041,4.3498691000000006e-16,1.5942542e-17
6439.36420722135,4.0969292e-16,1.5807924e-17
6440.806514913657,3.9925351000000004e-16,1.5619873e-17
6442.248822605964,4.0057334e-16,1.5369804e-17
6443.691130298273,4.1575140000000004e-16,1.5085982e-17
6445.13343799058,4.4041505e-16,1.5181316e-17
6446.575745682888,4.4643491e-16,1.5341415e-17
6448.018053375195,4.2469459e-16,1.4995822e-17
6449.460361067503,4.0587460000000004e-16,1.4728918e-17
6450.902668759812,4.1227227000000003e-16,1.5006424e-17
6452.344976452118,4.2346570000000004e-16,1.5360924e-17
6453.787284144426,4.2025489000000003e-16,1.5424129e-17
6455.2295918367345,4.2321977000000004e-16,1.5533818e-17
6456.671899529042,4.3736237000000004e-16,1.5639025e-17
6458.114207221349,4.3658744000000003e-16,1.5446063e-17
6459.556514913657,4.2609759000000005e-16,1.5227523e-17
6460.998822605965,4.2397400000000003e-16,1.5172678e-17
6462.441130298273,4.0045219000000003e-16,1.4822674e-17
6463.88343799058,4.1152466000000003e-16,1.4839983000000002e-17
6465.325745682888,4.0897265000000003e-16,1.4821463e-17
6466.768053375195,4.0960332000000003e-16,1.4911292e-17
6468.210361067503,3.9791956000000004e-16,1.4752438000000002e-17
6469.652668759811,4.0943918000000005e-16,1.4883585e-17
6471.094976452119,3.9286643e-16,1.4767867e-17
6472.537284144427,4.1557565000000003e-16,1.4967545e-17
6473.979591836734,4.3067544e-16,1.5175158e-17
6475.421899529042,4.0920403000000004e-16,1.4962584e-17
6476.86420722135,3.9947789e-16,1.4874469e-17
6478.306514913656,3.9559329000000003e-16,1.4918162e-17
6479.748822605965,4.0363928e-16,1.5053642e-17
6481.191130298273,4.2479298000000005e-16,1.531999e-17
6482.63343799058,4.4246309000000003e-16,1.5471275e-17
6484.075745682888,4.2663993000000003e-16,1.5083104e-17
6485.518053375195,4.2126302e-16,1.493265e-17
6486.960361067503,4.2674282000000004e-16,1.5053224e-17
6488.402668759811,4.1361461000000004e-16,1.4915481e-17
6489.844976452118,3.8229654000000005e-16,1.4498752e-17
6491.287284144427,3.7839315000000005e-16,1.4535338e-17
6492.7295918367345,4.1100606e-16,1.4915482e-17
6494.171899529041,4.4357196e-16,1.5176576e-17
6495.61420722135,4.511652700000001e-16,1.532817e-17
6497.056514913657,4.084615e-16,1.4885812000000002e-17
6498.498822605965,3.9071351000000005e-16,1.4673763e-17
6499.941130298273,4.2663085000000004e-16,1.5078987e-17
6501.38343799058,4.489354e-16,1.5348417e-17
6502.825745682888,4.2199462000000004e-16,1.5093990000000002e-17
6504.268053375195,3.9808484e-16,1.486173e-17
6505.710361067503,4.0472960000000004e-16,1.4912614e-17
6507.152668759811,3.9749345000000005e-16,1.4859994e-17
6508.594976452119,4.0843950000000003e-16,1.5048134e-17
6510.037284144426,4.2490833000000004e-16,1.5201517e-17
6511.4795918367345,4.3660594000000005e-16,1.5267287e-17
6512.921899529042,4.2583213e-16,1.5050856e-17
6514.364207221349,4.1516155000000004e-16,1.4877261e-17
6515.806514913657,4.2787012e-16,1.4987767e-17
6517.248822605965,4.1914949000000006e-16,1.4916755e-17
6518.691130298273,4.1486109000000005e-16,1.4876111e-17
6520.13343799058,4.0000477e-16,1.4659048e-17
6521.575745682888,4.3127490000000006e-16,1.5001115e-17
6523.018053375195,4.3795079000000005e-16,1.5110678e-17
6524.460361067503,4.3169720000000005e-16,1.5077126e-17
6525.902668759811,4.3810881000000005e-16,1.5101049e-17
6527.344976452118,4.3311121000000003e-16,1.4985442e-17
6528.787284144427,4.2618823000000005e-16,1.4942949e-17
6530.229591836734,4.1341121000000003e-16,1.4787391000000002e-17
6531.671899529041,4.0883618000000005e-16,1.4757265e-17
6533.11420722135,4.0079495000000005e-16,1.4628689e-17
6534.556514913657,3.8662597e-16,1.4513981e-17
6535.998822605965,4.1276487000000004e-16,1.4771757e-17
6537.441130298273,4.0340058000000005e-16,1.4593386e-17
6538.88343799058,3.9287085000000006e-16,1.4524082e-17
6540.325745682888,3.6905046e-16,1.4315032e-17
6541.768053375195,3.8689879000000006e-16,1.4452575e-17
6543.210361067503,4.200452e-16,1.4779729e-17
6544.652668759812,4.0008805e-16,1.4533834e-17
6546.094976452118,3.8421287e-16,1.4303385e-17
6547.537284144426,4.0504504000000005e-16,1.4549888e-17
6548.9795918367345,3.8756935e-16,1.4243854e-17
6550.421899529041,3.9035585000000005e-16,1.4302017e-17
6551.864207221349,4.0714775000000003e-16,1.4536023e-17
6553.306514913657,4.0899354e-16,1.4562002e-17
6554.748822605965,4.0169860000000005e-16,1.4429177e-17
6556.191130298273,3.8086323000000005e-16,1.4208151e-17
6557.63343799058,3.9105677000000003e-16,1.4281455e-17
6559.075745682888,3.9623235000000005e-16,1.431095e-17
6560.518053375195,3.8677298000000003e-16,1.421997e-17
6561.960361067503,3.8590154000000004e-16,1.4234828e-17
6563.402668759811,3.9327480000000005e-16,1.4239219e-17
6564.844976452119,3.7787982e-16,1.4111087e-17
6566.287284144426,4.2354276e-16,1.4541066000000002e-17
6567.729591836734,4.0544556e-16,1.4365494e-17
6569.171899529042,3.9617060000000003e-16,1.4254458e-17
6570.61420722135,4.0689403000000005e-16,1.433497e-17
6572.056514913656,3.7926594000000004e-16,1.4053025e-17
6573.498822605965,3.6905673e-16,1.3941791e-17
6574.941130298273,3.9398324000000005e-16,1.4161375e-17
6576.38343799058,3.9890808000000006e-16,1.4178777e-17
6577.825745682888,3.8291199000000003e-16,1.3990971e-17
6579.268053375195,3.7840898000000006e-16,1.4053433e-17
6580.710361067504,3.9546915000000005e-16,1.4236452000000002e-17
6582.152668759811,3.7928775000000006e-16,1.4038792e-17
6583.594976452118,3.77884e-16,1.4026785e-17
6585.037284144427,3.6651563000000004e-16,1.3826387000000001e-17
6586.479591836734,3.7130187000000005e-16,1.3895677e-17
6587.921899529041,4.0223178000000005e-16,1.4242816e-17
6589.36420722135,3.8636871000000004e-16,1.4137629e-17
6590.806514913657,3.9227745000000005e-16,1.4189233e-17
6592.248822605964,3.8237029000000004e-16,1.403545e-17
6593.691130298273,3.7396478000000004e-16,1.3877186e-17
6595.13343799058,3.977883e-16,1.4070636e-17
6596.575745682888,3.9038507e-16,1.4006165e-17
6598.018053375195,3.6865987000000003e-16,1.3774987e-17
6599.460361067503,3.8036152000000005e-16,1.3875488e-17
6600.902668759812,3.6805104000000004e-16,1.3731034e-17
6602.344976452118,3.8276956000000004e-16,1.4033855e-17
6603.787284144426,3.8254790000000006e-16,1.3983783000000002e-17
6605.2295918367345,3.6981067e-16,1.3769796000000001e-17
6606.671899529042,3.6231212000000003e-16,1.3765982e-17
6608.114207221349,3.9167963000000005e-16,1.4047599e-17
6609.556514913657,3.9559247000000003e-16,1.3972131000000002e-17
6610.998822605965,3.3979931000000004e-16,1.3367236e-17
6612.441130298272,3.5938218000000004e-16,1.3609026e-17
6613.88343799058,3.7483106000000002e-16,1.3801176e-17
6615.325745682888,3.8138479e-16,1.3884205e-17
6616.768053375196,3.9773176000000003e-16,1.4056147e-17
6618.210361067503,3.6207535e-16,1.3617259e-17
6619.652668759811,3.6660584e-16,1.367103e-17
6621.094976452119,3.6078543000000003e-16,1.3580111e-17
6622.537284144426,3.6956871000000004e-16,1.363513e-17
6623.979591836734,3.9282116000000003e-16,1.3937285e-17
6625.421899529042,3.6756587000000003e-16,1.3603203e-17
6626.86420722135,3.6726105000000003e-16,1.3608479e-17
6628.306514913656,3.6235450000000004e-16,1.3623617e-17
6629.748822605965,3.520388e-16,1.3472617e-17
6631.191130298273,3.5478084e-16,1.3452435000000001e-17
6632.633437990579,3.7427556000000005e-16,1.3665326e-17
6634.075745682888,4.1504329000000003e-16,1.4099119e-17
6635.518053375195,3.9802803000000004e-16,1.3940169e-17
6636.960361067504,4.0649625000000003e-16,1.4002131e-17
6638.402668759811,3.7577219000000004e-16,1.3631847e-17
6639.844976452118,3.9251067e-16,1.3882741e-17
6641.287284144427,3.7752873000000002e-16,1.3741e-17
6642.7295918367345,3.3284395000000003e-16,1.3202458000000001e-17
6644.171899529041,3.4356260000000003e-16,1.3329235e-17
6645.61420722135,3.9584605000000003e-16,1.3932211e-17
6647.056514913657,3.9215418e-16,1.3896383e-17
6648.498822605964,3.6150448000000004e-16,1.3521417e-17
6649.941130298273,3.6763453000000004e-16,1.3474873e-17
6651.38343799058,3.7023958000000005e-16,1.3606579e-17
6652.825745682888,3.6694931000000005e-16,1.3604781e-17
6654.268053375195,3.7177840000000004e-16,1.3611583e-17
6655.710361067503,3.8408931e-16,1.3747652e-17
6657.152668759812,3.7742957000000003e-16,1.3687574e-17
6658.594976452118,3.6819866000000004e-16,1.3613227e-17
6660.037284144426,3.5911510000000005e-16,1.3474977e-17
6661.4795918367345,3.4875041e-16,1.3427523e-17
6662.921899529042,3.3021177e-16,1.3205272e-17
6664.364207221349,3.6210367000000004e-16,1.3465074e-17
6665.806514913657,3.5941411e-16,1.3490221e-17
6667.248822605965,3.5091876e-16,1.340584e-17
6668.691130298272,3.6559493000000004e-16,1.3469247000000001e-17
6670.13343799058,3.4259825e-16,1.4925219e-17
6671.575745682888,3.5024455e-16,1.581356e-17
6673.018053375195,3.4190268e-16,1.3936489e-17
6674.460361067503,3.5385079000000003e-16,1.3180758e-17
6675.902668759811,3.5666133e-16,1.3420642e-17
6677.344976452119,3.2261884e-16,1.3062012e-17
6678.787284144427,3.2159909e-16,1.3001716e-17
6680.229591836734,3.3689899000000005e-16,1.3196325e-17
6681.671899529042,3.3266793e-16,1.3140191e-17
6683.11420722135,3.4154068000000005e-16,1.3292085e-17
6684.556514913656,3.2941273e-16,1.3155668e-17
6685.998822605965,3.0319274e-16,1.2813475e-17
6687.441130298273,3.0287394e-16,1.2798053e-17
6688.88343799058,3.0860057e-16,1.2900092e-17
6690.325745682888,3.2836315000000005e-16,1.3164999000000001e-17
6691.768053375195,2.9870230000000003e-16,1.2728013e-17
6693.210361067503,2.9500736e-16,1.2663623e-17
6694.652668759811,3.0790886e-16,1.2911477e-17
6696.094976452118,3.1986868000000005e-16,1.3190391e-17
6697.537284144427,3.3097651000000004e-16,1.3645985000000001e-17
6698.9795918367345,3.1199233000000004e-16,1.3837007000000001e-17
6700.421899529041,3.0386261000000004e-16,1.4069648e-17
6701.86420722135,2.890942e-16,1.3970339e-17
6703.306514913657,2.5774974000000004e-16,1.3775005e-17
6704.748822605964,2.6367424000000003e-16,1.3797542e-17
6706.191130298273,2.8239671e-16,1.3698995e-17
6707.63343799058,2.9071635000000003e-16,1.3667221e-17
6709.075745682888,2.8075992e-16,1.3244026000000001e-17
6710.518053375195,2.8850194e-16,1.3001305000000001e-17
6711.960361067503,3.0647423e-16,1.3111079e-17
6713.402668759811,2.7232983e-16,1.2720819000000001e-17
6714.844976452119,2.7425331e-16,1.2818007e-17
6716.287284144426,2.5969652000000004e-16,1.25094e-17
6717.7295918367345,2.7048626e-16,1.2462624000000001e-17
6719.171899529042,2.8612683e-16,1.2594757e-17
6720.614207221349,2.6911563e-16,1.2366998e-17
6722.056514913657,2.919559e-16,1.2733595e-17
6723.498822605965,2.9378218e-16,1.2866072e-17
6724.941130298273,2.7307233000000004e-16,1.2597735e-17
6726.38343799058,2.5302163e-16,1.2327354e-17
6727.825745682888,2.6918548e-16,1.2472486e-17
6729.268053375195,2.7971640000000004e-16,1.2636939e-17
6730.710361067503,2.8419324000000005e-16,1.2982092e-17
6732.152668759811,2.7736139000000003e-16,1.3685309000000001e-17
6733.594976452118,2.7743818e-16,1.4472175e-17
6735.037284144427,2.9875837000000004e-16,1.5177728e-17
6736.479591836734,2.6850664e-16,1.5514671e-17
6737.921899529042,2.6093157000000004e-16,1.5668389e-17
6739.36420722135,3.2082209e-16,1.5763578e-17
6740.806514913656,2.8232363e-16,1.4761454e-17
6742.248822605965,2.8191925000000004e-16,1.4508673e-17
6743.691130298273,3.1819788e-16,1.4743325e-17
6745.13343799058,2.6580230000000003e-16,1.375343e-17
6746.575745682888,2.6522492e-16,1.3405638e-17
6748.018053375195,2.4035838e-16,1.2833074e-17
6749.460361067503,2.9365963000000004e-16,1.3371086e-17
6750.902668759812,3.4709038e-16,1.3965239e-17
6752.344976452118,2.8979647000000004e-16,1.3282953e-17
6753.787284144426,3.0020573000000003e-16,1.3536914e-17
6755.2295918367345,3.0688541000000003e-16,1.3639024e-17
6756.671899529041,2.9119733e-16,1.3455866e-17
6758.11420722135,2.9884545000000004e-16,1.3652452e-17
6759.556514913657,2.7338039000000005e-16,1.3485298e-17
6760.998822605965,3.1395059000000005e-16,1.4232873e-17
6762.441130298273,2.9501459000000005e-16,1.4056123e-17
6763.88343799058,3.1636741e-16,1.4011629e-17
6765.325745682888,2.9317128e-16,1.3458294e-17
6766.768053375195,2.6874280000000004e-16,1.3174094e-17
6768.210361067503,2.9014994e-16,1.3542182e-17
6769.652668759811,3.0670441000000003e-16,1.3959264e-17
6771.094976452119,3.1932930000000003e-16,1.4314047e-17
6772.537284144426,2.8434025e-16,1.3775841e-17
6773.979591836734,2.9956853e-16,1.3816334e-17
6775.421899529042,2.9595588000000003e-16,1.3502046e-17
6776.864207221349,2.8197544000000003e-16,1.3036795e-17
6778.306514913657,3.0409674000000005e-16,1.3224617e-17
6779.748822605965,2.9463708e-16,1.3525487e-17
6781.191130298273,3.1176408e-16,1.4025539e-17
6782.63343799058,2.9474205e-16,1.3662167e-17
6784.075745682888,3.1822443e-16,1.3906549e-17
6785.518053375195,2.8783273000000004e-16,1.3374478e-17
6786.960361067504,3.0850795000000003e-16,1.3373178e-17
6788.402668759811,3.0592149000000003e-16,1.3300305e-17
6789.844976452118,3.1254023e-16,1.3586657e-17
6791.287284144427,2.7569559000000003e-16,1.3601586000000001e-17
6792.729591836734,2.7619569e-16,1.3794763e-17
6794.171899529041,3.0208400000000004e-16,1.4320166e-17
6795.61420722135,3.0931092e-16,1.4179208e-17
6797.056514913657,3.1624192000000004e-16,1.3828853e-17
6798.498822605965,3.3119346000000003e-16,1.3793658e-17
6799.941130298273,3.4127304e-16,1.4009734e-17
6801.38343799058,3.0303940000000005e-16,1.3459006e-17
6802.825745682888,3.1551548e-16,1.345664e-17
6804.268053375195,3.3065575e-16,1.3545919e-17
6805.710361067503,3.4703790000000005e-16,1.3828367e-17
6807.152668759812,2.9539133e-16,1.3740411e-17
6808.594976452118,2.8915135000000003e-16,1.4038976e-17
6810.037284144426,2.9308618000000004e-16,1.3970366e-17
6811.4795918367345,2.7987769000000005e-16,1.3584392e-17
6812.921899529041,3.1023492e-16,1.3605073000000001e-17
6814.364207221349,3.0784663000000003e-16,1.3619262e-17
6815.806514913657,2.8643758e-16,1.3823726e-17
6817.248822605965,3.3209255e-16,1.4661163e-17
6818.691130298272,3.4145965000000004e-16,1.4750332e-17
6820.13343799058,3.1846713000000005e-16,1.4362368e-17
6821.575745682888,2.8864151e-16,1.366618e-17
6823.018053375196,3.1874072000000005e-16,1.359685e-17
6824.460361067503,3.3164170000000004e-16,1.36945e-17
6825.902668759811,3.2077879000000003e-16,1.349938e-17
6827.344976452119,3.1082014e-16,1.3375302e-17
6828.787284144426,3.0687154e-16,1.3356641e-17
6830.229591836734,2.7788623e-16,1.3142282000000001e-17
6831.671899529042,2.9326922e-16,1.3203385e-17
6833.11420722135,3.2805819000000003e-16,1.3319851e-17
6834.556514913656,3.3248068e-16,1.341175e-17
6835.998822605965,3.3554125000000005e-16,1.375534e-17
6837.441130298273,3.3271131000000005e-16,1.3786143e-17
6838.883437990579,3.2699760000000003e-16,1.3540784e-17
6840.325745682888,3.1216176e-16,1.3379197e-17
6841.768053375195,3.1119705000000005e-16,1.3393295e-17
6843.210361067504,3.1958384e-16,1.3477561e-17
6844.652668759811,3.1986111000000003e-16,1.3744123e-17
6846.094976452118,3.0931605000000004e-16,1.3873288e-17
6847.537284144427,3.1526977000000003e-16,1.390547e-17
6848.979591836734,3.2645510000000003e-16,1.4118003e-17
6850.421899529041,3.1540084e-16,1.3957489e-17
6851.86420722135,3.1677764e-16,1.3825039000000001e-17
6853.306514913657,3.2310662e-16,1.3712108e-17
6854.748822605964,3.2074178000000004e-16,1.3665523e-17
6856.191130298273,3.1468028e-16,1.3635721e-17
6857.63343799058,3.4657123000000005e-16,1.3894754e-17
6859.075745682888,3.3648426e-16,1.3786687000000001e-17
6860.518053375195,3.4070632000000004e-16,1.3791008e-17
6861.960361067503,3.1017724000000005e-16,1.3505655000000001e-17
6863.402668759812,3.4443465e-16,1.3987432e-17
6864.844976452118,3.4633888000000003e-16,1.4039493e-17
6866.287284144426,3.1566634000000003e-16,1.3653505e-17
6867.7295918367345,3.4590700000000003e-16,1.3990891e-17
6869.171899529042,3.2955945000000002e-16,1.3763117e-17
6870.614207221349,3.163689e-16,1.3689797000000001e-17
6872.056514913657,3.3432856e-16,1.3993057e-17
6873.498822605965,3.3596027000000004e-16,1.3882917e-17
6874.941130298272,3.2539123e-16,1.3747791e-17
6876.38343799058,3.3660711000000004e-16,1.4006368e-17
6877.825745682888,3.2861578e-16,1.4082733e-17
6879.268053375195,3.8755098000000003e-16,1.4502604e-17
6880.710361067503,3.9770844000000004e-16,1.4690982e-17
6882.152668759811,3.3222043e-16,1.3983438e-17
6883.594976452119,3.2403166e-16,1.3707026e-17
6885.037284144426,3.3033417e-16,1.369816e-17
6886.479591836734,2.8835217000000004e-16,1.3115416e-17
6887.921899529042,2.8074277000000005e-16,1.2802789e-17
6889.36420722135,3.0497559000000003e-16,1.2995211000000001e-17
6890.806514913656,3.0196804e-16,1.3280821e-17
6892.248822605965,3.151047e-16,1.3532556e-17
6893.691130298273,3.4563645000000003e-16,1.3928022e-17
6895.13343799058,2.8604141e-16,1.3129462000000001e-17
6896.575745682888,3.2816886e-16,1.3460366000000001e-17
6898.018053375195,3.4573042e-16,1.3597764000000001e-17
6899.460361067503,3.0562460000000003e-16,1.3107156e-17
6900.902668759811,3.1977238000000003e-16,1.3305127000000001e-17
6902.344976452118,3.4523896e-16,1.3609978e-17
6903.787284144427,3.2724551e-16,1.340252e-17
6905.2295918367345,3.1953039e-16,1.3443542e-17
6906.671899529041,3.1765633000000004e-16,1.3544608e-17
6908.11420722135,2.8070172000000004e-16,1.295751e-17
6909.556514913657,2.8993120000000004e-16,1.3000672e-17
6910.998822605964,2.9474608e-16,1.311215e-17
6912.441130298273,3.0806909e-16,1.3475654e-17
6913.88343799058,3.1520023000000003e-16,1.3692436e-17
6915.325745682888,3.0516032e-16,1.3695033e-17
6916.768053375195,2.7872048000000003e-16,1.352344e-17
6918.210361067503,2.9109359e-16,1.3533566e-17
6919.652668759811,3.0229211000000004e-16,1.3496831e-17
6921.094976452118,2.7882173000000005e-16,1.315415e-17
6922.537284144426,2.8147230000000005e-16,1.3051887000000001e-17
6923.9795918367345,2.8602413e-16,1.2982322e-17
6925.421899529042,2.9031938e-16,1.3016684e-17
6926.864207221349,3.0742505e-16,1.3270015e-17
6928.306514913657,2.851204e-16,1.3097622e-17
6929.748822605965,2.7636927000000003e-16,1.3019175e-17
6931.191130298273,2.8558544e-16,1.3116415000000001e-17
6932.63343799058,3.0274906e-16,1.322721e-17
6934.075745682888,3.0515924e-16,1.3245744e-17
6935.518053375195,2.7271639000000003e-16,1.2886019e-17
6936.960361067503,2.9065846e-16,1.3287445e-17
6938.402668759811,2.9939277e-16,1.3390681e-17
6939.844976452118,2.886706e-16,1.3226083e-17
6941.287284144427,2.9938001000000004e-16,1.3452284e-17
6942.729591836734,2.9631801e-16,1.332623e-17
6944.171899529042,2.7631337000000003e-16,1.2947918e-17
6945.61420722135,2.8876573000000004e-16,1.3241162e-17
6947.056514913656,2.9332724000000003e-16,1.3325288e-17
6948.498822605965,2.8708408000000003e-16,1.3089587e-17
6949.941130298273,3.0172642000000003e-16,1.3244296e-17
6951.38343799058,3.0752542000000003e-16,1.3314098e-17
6952.825745682888,2.8891778e-16,1.3053509000000001e-17
6954.268053375195,2.9343241000000003e-16,1.3124652e-17
6955.710361067503,3.3134695e-16,1.3521619e-17
6957.152668759811,2.9276585000000003e-16,1.3130852e-17
6958.594976452118,2.6773504000000004e-16,1.2962754000000001e-17
6960.037284144426,3.0170318e-16,1.3241416000000001e-17
6961.4795918367345,3.0786384000000004e-16,1.3067052e-17
6962.921899529041,2.9256521e-16,1.3006341e-17
6964.36420722135,3.0936282000000005e-16,1.3369223000000001e-17
6965.806514913657,3.1704033e-16,1.3397837e-17
6967.248822605965,2.8921498e-16,1.3042636e-17
6968.691130298273,2.7761034000000003e-16,1.2758925000000001e-17
6970.13343799058,2.8328898e-16,1.2667117e-17
6971.575745682888,2.8976690000000004e-16,1.290405e-17
6973.018053375195,2.7874732000000003e-16,1.2942313e-17
6974.460361067503,2.9294208e-16,1.3046038e-17
6975.902668759811,2.7006867e-16,1.2641947e-17
6977.344976452119,2.652265e-16,1.2545216e-17
6978.787284144426,2.9723657e-16,1.2930501e-17
6980.229591836734,3.0083823000000005e-16,1.3046067000000001e-17
6981.671899529042,2.9292541000000005e-16,1.2987592000000001e-17
6983.114207221349,2.8649211e-16,1.28413e-17
6984.556514913657,2.9486715e-16,1.295385e-17
6985.998822605965,2.9257193000000004e-16,1.2944078e-17
6987.441130298273,2.9975186000000005e-16,1.2961508e-17
6988.88343799058,2.9837614000000003e-16,1.2903455e-17
6990.325745682888,2.9277943e-16,1.2951397e-17
6991.768053375195,2.9380420000000004e-16,1.3152681000000001e-17
6993.210361067503,3.0620000000000003e-16,1.3522651e-17
6994.652668759811,3.1636839000000004e-16,1.3553386e-17
6996.094976452118,3.1114704000000003e-16,1.3320455e-17
6997.537284144427,3.0940959e-16,1.3439888e-17
6998.979591836734,2.8969834e-16,1.3268465e-17
7000.421899529041,2.7483638e-16,1.3069315e-17
7001.86420722135,2.8265026e-16,1.3062315e-17
7003.306514913657,3.0297860000000005e-16,1.3116675e-17
7004.748822605965,3.0229513000000004e-16,1.3011222e-17
7006.191130298273,2.7922637e-16,1.2749218e-17
7007.63343799058,2.8562626e-16,1.3058467000000001e-17
7009.075745682888,2.8325499e-16,1.3139618e-17
7010.518053375195,2.7810320000000004e-16,1.3099956e-17
7011.960361067503,2.9640092000000003e-16,1.3477944e-17
7013.402668759812,2.9064504e-16,1.3420501e-17
7014.844976452118,2.8355720000000003e-16,1.3303889e-17
7016.287284144426,2.8502849000000004e-16,1.3244129e-17
7017.7295918367345,2.7549326e-16,1.2905708e-17
7019.171899529041,2.8261275e-16,1.2845176000000001e-17
7020.614207221349,2.6995358e-16,1.2672579000000001e-17
7022.056514913657,2.6668507e-16,1.2729529e-17
7023.498822605965,2.7547862000000004e-16,1.2940174e-17
7024.941130298273,2.8924407000000005e-16,1.3158638e-17
7026.38343799058,3.0269966000000003e-16,1.336264e-17
7027.825745682888,2.9363093000000003e-16,1.3456919e-17
7029.268053375195,3.0699873000000004e-16,1.3944535e-17
7030.710361067503,2.8834899000000003e-16,1.3722195e-17
7032.152668759811,2.6572898e-16,1.3454692e-17
7033.594976452119,2.7593252e-16,1.3836132e-17
7035.037284144426,2.9268466e-16,1.4378366000000002e-17
7036.479591836734,2.639608e-16,1.4041079e-17
7037.921899529042,2.6425702e-16,1.4017683e-17
7039.36420722135,2.8182618000000003e-16,1.4483348e-17
7040.806514913656,2.5629872000000003e-16,1.4130163e-17
7042.248822605965,2.7308461e-16,1.4140269e-17
7043.691130298273,3.0337893e-16,1.434153e-17
7045.13343799058,2.6492160000000003e-16,1.3726515e-17
7046.575745682888,2.8061834e-16,1.4046163e-17
7048.018053375195,2.9017146e-16,1.4500069e-17
7049.460361067504,2.8195347000000004e-16,1.4537655e-17
7050.902668759811,2.7841385e-16,1.421421e-17
7052.344976452118,2.7979761e-16,1.3974876e-17
7053.787284144427,2.8813589000000003e-16,1.4092795e-17
7055.229591836734,2.6842704000000005e-16,1.3877855e-17
7056.671899529041,2.7257613000000004e-16,1.3776761e-17
7058.11420722135,2.8318519e-16,1.3897884e-17
7059.556514913657,2.8130594e-16,1.3953208e-17
7060.998822605964,2.6098327e-16,1.3765299e-17
7062.441130298273,2.7763323000000005e-16,1.4130464e-17
7063.88343799058,2.9112345e-16,1.4447809e-17
7065.325745682888,2.8384275000000004e-16,1.4591913e-17
7066.768053375195,2.7732658000000004e-16,1.4434192e-17
7068.210361067503,2.8319620000000004e-16,1.4046892e-17
7069.652668759812,2.7243033e-16,1.3674622e-17
7071.094976452118,2.6527685e-16,1.355599e-17
7072.537284144426,2.7442705000000004e-16,1.3499386e-17
7073.9795918367345,2.6287014000000004e-16,1.3054333000000001e-17
7075.421899529042,2.897016e-16,1.3353657e-17
7076.864207221349,3.0236567e-16,1.3518464e-17
7078.306514913657,2.9418235e-16,1.3302925e-17
7079.748822605965,2.8663126e-16,1.3265381e-17
7081.191130298272,2.7110962e-16,1.305893e-17
7082.63343799058,2.7241212000000004e-16,1.2979806e-17
7084.075745682888,3.1077988e-16,1.3337584e-17
7085.518053375195,2.7448878e-16,1.2765151e-17
7086.960361067503,2.482512e-16,1.2590281e-17
7088.402668759811,2.6856551e-16,1.2982969e-17
7089.844976452119,2.8357911000000003e-16,1.3042579e-17
7091.287284144426,2.8605592e-16,1.3116813000000001e-17
7092.729591836734,2.6333791000000004e-16,1.310079e-17
7094.171899529042,2.7065874e-16,1.3445803e-17
7095.61420722135,2.7769732000000004e-16,1.391848e-17
7097.056514913656,2.8756949e-16,1.4519385e-17
7098.498822605965,2.6902571000000004e-16,1.4316495e-17
7099.941130298273,2.635434e-16,1.4303497e-17
7101.383437990579,2.7538685e-16,1.5319016e-17
7102.825745682888,2.5233096e-16,1.6193168e-17
7104.268053375195,2.6651254e-16,1.7047502e-17
7105.710361067503,2.7659443e-16,1.7530959e-17
7107.152668759811,2.7481227e-16,1.7613481e-17
7108.594976452118,2.8253978000000004e-16,1.7135017e-17
7110.037284144427,2.6644623e-16,1.6487004e-17
7111.4795918367345,2.7528854e-16,1.5983178e-17
7112.921899529041,2.9618291000000003e-16,1.5331045e-17
7114.36420722135,2.8529200000000003e-16,1.4761311e-17
7115.806514913657,2.7193244e-16,1.4575004e-17
7117.248822605964,2.722847e-16,1.4485769000000002e-17
7118.691130298273,2.7022442e-16,1.399539e-17
7120.13343799058,2.9370065e-16,1.3938247e-17
7121.575745682888,3.0568085e-16,1.3874990000000001e-17
7123.018053375195,3.1167374e-16,1.3996005e-17
7124.460361067503,2.9740746000000005e-16,1.395957e-17
7125.902668759811,3.11732e-16,1.4228571000000002e-17
7127.344976452118,3.0661269000000003e-16,1.41967e-17
7128.787284144426,3.1434356000000005e-16,1.4170893e-17
7130.2295918367345,3.3712703e-16,1.4351046e-17
7131.671899529042,3.2131454e-16,1.4169435e-17
7133.114207221349,2.9469727000000003e-16,1.3794263e-17
7134.556514913657,2.9665047e-16,1.4090703000000002e-17
7135.998822605965,2.9814766e-16,1.5194879000000002e-17
7137.441130298272,3.3511824000000003e-16,1.7545958e-17
7138.88343799058,3.3582257000000003e-16,1.8786001e-17
7140.325745682888,2.7242448000000003e-16,1.821173e-17
7141.768053375195,2.8070579000000005e-16,1.7283016e-17
7143.210361067503,3.0235479000000005e-16,1.5924846e-17
7144.652668759811,2.9548728000000004e-16,1.4665036e-17
7146.094976452118,2.9351341000000004e-16,1.4804381e-17
7147.537284144427,3.0140868000000004e-16,1.520541e-17
7148.979591836734,2.9424167e-16,1.5186085e-17
7150.421899529042,2.8903411000000003e-16,1.5114989e-17
7151.86420722135,2.8814203e-16,1.4686145e-17
7153.306514913656,3.1014707e-16,1.4517999e-17
7154.748822605965,3.2221859000000004e-16,1.4360697e-17
7156.191130298273,3.0322858e-16,1.4151757e-17
7157.63343799058,3.1935479000000003e-16,1.4386716e-17
7159.075745682888,3.4665840000000004e-16,1.4457444e-17
7160.518053375195,3.421146e-16,1.4312568e-17
7161.960361067503,3.128797e-16,1.4059772e-17
7163.402668759811,2.8097454000000003e-16,1.4018564e-17
7164.844976452118,3.0612647e-16,1.4619822e-17
7166.287284144426,2.8768415e-16,1.4395888e-17
7167.7295918367345,3.3546811000000005e-16,1.5081331e-17
7169.171899529041,3.4871108000000005e-16,1.4946568e-17
7170.61420722135,3.1667865000000005e-16,1.4199683e-17
7172.056514913657,2.9689982000000003e-16,1.396748e-17
7173.498822605964,3.0547685e-16,1.4069289e-17
7174.941130298273,3.3057668000000005e-16,1.4749944e-17
7176.38343799058,3.2807180000000004e-16,1.6031811e-17
7177.825745682888,3.1981015000000004e-16,1.6874999e-17
7179.268053375195,3.1701958000000005e-16,1.6983392e-17
7180.710361067503,3.2923734000000004e-16,1.6993677e-17
7182.152668759811,2.9716160000000004e-16,1.5685114e-17
7183.594976452119,2.9612089e-16,1.4002489e-17
7185.037284144426,2.9796512000000003e-16,1.3325139e-17
7186.479591836734,2.9749287e-16,1.3537113e-17
7187.921899529042,2.9940886000000003e-16,1.3909609e-17
7189.364207221349,2.9553115000000003e-16,1.4351881e-17
7190.806514913657,3.0425905e-16,1.4796171000000002e-17
7192.248822605965,3.2379894000000005e-16,1.5148695e-17
7193.691130298273,3.1396324000000004e-16,1.4756202e-17
7195.13343799058,2.9543702e-16,1.4007509e-17
7196.575745682888,3.0465443e-16,1.3552498e-17
7198.018053375195,3.1383532000000004e-16,1.3463215e-17
7199.460361067503,2.8549873000000004e-16,1.3795267e-17
7200.902668759811,2.7419433000000003e-16,1.5297862e-17
7202.344976452118,3.1496761e-16,1.6510859e-17
7203.787284144427,3.1406423000000005e-16,1.6788471e-17
7205.229591836734,3.0187804000000004e-16,1.644956e-17
7206.671899529041,3.2284497000000003e-16,1.5419501e-17
7208.11420722135,3.3294610000000003e-16,1.4308186e-17
7209.556514913656,3.1770451000000004e-16,1.3663452e-17
7210.998822605965,3.3175234000000004e-16,1.3896031e-17
7212.441130298273,3.4046518e-16,1.4144462e-17
7213.88343799058,3.1871984e-16,1.3877999000000002e-17
7215.325745682888,2.9388382e-16,1.3508555e-17
7216.768053375195,3.1189209000000004e-16,1.4028878e-17
7218.210361067503,2.9253686000000004e-16,1.4411844e-17
7219.652668759812,2.8961398e-16,1.4596494e-17
7221.094976452118,2.7956426e-16,1.4490369e-17
7222.537284144426,2.8464338e-16,1.4571131e-17
7223.9795918367345,3.1873948e-16,1.4538642000000002e-17
7225.421899529041,2.9493835e-16,1.3761233e-17
7226.864207221349,2.7947291e-16,1.3620773e-17
7228.306514913657,2.7510569000000003e-16,1.454671e-17
7229.748822605965,2.7486804000000003e-16,1.5121719e-17
7231.191130298273,2.7499724000000004e-16,1.5146864e-17
7232.63343799058,2.8439790000000003e-16,1.5022603e-17
7234.075745682888,2.8901466000000004e-16,1.4409814e-17
7235.518053375195,2.9326954e-16,1.3583004e-17
7236.960361067503,2.7271512e-16,1.3127957e-17
7238.402668759811,2.8484225000000005e-16,1.3288101e-17
7239.844976452119,2.9327018000000005e-16,1.3197033000000001e-17
7241.287284144426,3.0338708e-16,1.3320884e-17
7242.729591836734,3.0719468e-16,1.3393660000000001e-17
7244.171899529042,2.6626962e-16,1.2773315e-17
7245.614207221349,2.7843056e-16,1.3019284e-17
7247.056514913656,2.8866594e-16,1.3311600000000001e-17
7248.498822605965,2.8704110000000002e-16,1.3546705e-17
7249.941130298273,2.6645557e-16,1.3437389e-17
7251.38343799058,2.5297306000000004e-16,1.345936e-17
7252.825745682888,2.5585602e-16,1.3589648e-17
7254.268053375195,2.7173812000000005e-16,1.3923063e-17
7255.710361067504,2.6993863e-16,1.3734155000000001e-17
7257.152668759811,3.0233213000000003e-16,1.3738643000000001e-17
7258.594976452118,2.9881059e-16,1.3562981000000001e-17
7260.037284144427,2.8804647e-16,1.3911041e-17
7261.479591836734,2.6653003e-16,1.4273017e-17
7262.921899529041,2.5301149e-16,1.4272501e-17
7264.36420722135,2.5115186e-16,1.4173638e-17
7265.806514913657,2.7401129e-16,1.4232951e-17
7267.248822605964,2.9171730000000003e-16,1.4032528000000002e-17
7268.691130298273,3.1699287000000003e-16,1.3879108e-17
7270.13343799058,2.937915e-16,1.3219663e-17
7271.575745682888,3.0095067e-16,1.3272846e-17
7273.018053375195,2.9497364e-16,1.3241577000000001e-17
